-4.62 -5.774 2.49 -0.641853400945 0.489554755119 0.0190000534058
-4.635 -5.771 2.541 -0.655996112035 0.449362061495 0.0710000991821
-4.654 -5.737 2.475 -0.61398895643 0.483039270775 0.128000020981
-4.634 -5.657 2.278 -0.523911682613 0.612992997473 0.184000015259
-4.627 -5.638 2.21 -0.46328221544 0.623271874621 0.241000175476
-4.574 -5.617 2.105 -0.328903969312 0.555977560169 0.297000169754
-4.578 -5.595 2.035 -0.283877802474 0.56696721024 0.357000112534
-4.591 -5.582 2.037 -0.29279782822 0.581872630679 0.412000179291
-4.624 -5.541 2.04 -0.332374801039 0.655617506455 0.47000002861
-4.621 -5.521 1.932 -0.252935093147 0.669534236749 0.529000043869
-4.666 -5.503 1.997 -0.317131411935 0.698474773466 0.589000225067
-4.663 -5.466 1.985 -0.291175352858 0.662306842073 0.644000053406
-4.655 -5.44 2.006 -0.273221027025 0.58765509835 0.705000162125
-4.699 -5.42 1.964 -0.24401761316 0.58827087519 0.764000177383
-4.612 -5.433 1.806 -0.127237853012 0.530956228781 0.819000005722
-4.588 -5.385 1.756 -0.110956505767 0.592239753617 0.881000041962
-4.566 -5.39 1.699 -0.0733787932529 0.569221831385 0.936000108719
-4.522 -5.416 1.737 -0.0839701605513 0.500563817611 0.992000102997
-4.526 -5.414 1.681 -0.0566301832366 0.511786410963 1.04400014877
-4.532 -5.381 1.68 -0.0595220248683 0.542886754448 1.09400010109
-4.497 -5.353 1.666 -0.0494053028743 0.517374438905 1.15799999237
-4.553 -5.338 1.888 -0.167764117989 0.511025933389 1.21800017357
-4.591 -5.346 1.974 -0.196444482777 0.460516022969 1.26900005341
-4.56 -5.352 1.968 -0.162415679613 0.387164059821 1.32700014114
-4.466 -5.297 1.729 -0.0896559352222 0.561976222067 1.375
-4.429 -5.277 1.694 -0.0698755342566 0.564282085642 1.43200016022
-4.429 -5.278 1.811 -0.101254954614 0.413399283172 1.49300003052
-4.422 -5.234 1.865 -0.137682633992 0.454403268818 1.55400013924
-4.395 -5.192 1.855 -0.157118586446 0.537872654998 1.60900020599
-4.368 -5.169 1.745 -0.0978637106905 0.556083268738 1.66100001335
-4.36 -5.163 1.618 -0.0292554101426 0.619309390351 1.71400022507
-4.309 -5.244 1.399 0.0892859303705 0.51459658361 1.75900006294
-4.307 -5.221 1.446 0.0677110037816 0.539752465725 1.81300020218
-4.32 -5.209 1.579 -0.00481526425303 0.586951248462 1.86100006104
-4.326 -5.204 1.589 -0.0107109412361 0.588329508071 1.92000007629
-4.342 -5.177 1.726 -0.0892937492854 0.570705697833 1.98000001907
-4.406 -5.167 1.84 -0.139806836816 0.50672826574 2.03600001335
-4.396 -5.164 1.839 -0.120119091118 0.437074550104 2.09500002861
-4.396 -5.174 1.642 -0.025466961921 0.357058946123 2.14900016785
-4.383 -5.172 1.447 0.0446786522811 0.359058936129 2.20200014114
-4.388 -5.16 1.582 -0.00432515477765 0.386031770936 2.25800013542
-4.389 -5.147 1.58 -0.00385245595563 0.418566271502 2.31600022316
-4.391 -5.112 1.58 -0.00457403215499 0.496964950903 2.37400007248
-4.403 -5.171 1.522 0.016982724482 0.347756570477 2.42500019073
-4.405 -5.167 1.336 0.110819004899 0.463273951878 2.47699999809
-4.407 -5.152 1.294 0.153587292991 0.540631038702 2.53600001335
-4.415 -5.142 1.279 0.149986128461 0.499337698755 2.58800005913
-4.402 -5.147 1.277 0.149650371476 0.494627131501 2.63700008392
-4.396 -5.135 1.317 0.140848112351 0.542998072069 2.69600009918
-4.4 -5.099 1.34 0.146890641748 0.625110443151 2.7570002079
-4.424 -5.114 1.427 0.0751394548403 0.518934282971 2.81300020218
-4.419 -5.094 1.536 0.0185457612434 0.532765305255 2.86600017548
-4.419 -5.096 1.505 0.0309567345554 0.469814212721 2.91300010681
-4.417 -5.07 1.449 0.0526253775277 0.429938243529 2.96700000763
-4.422 -5.097 1.387 0.0685398802152 0.368703519403 3.02600002289
-4.435 -5.116 1.713 -0.0289417807998 0.202149711464 3.08000016212
-4.435 -5.122 1.768 -0.0339686201496 0.170012734741 3.12900018692
-4.431 -5.086 1.731 -0.0426993219499 0.264247371851 3.17900013924
-4.42 -5.115 1.778 -0.055745496388 0.26517591221 3.23100018501
-4.453 -5.13 1.618 -0.0193887399552 0.410441305139 3.28000020981
-4.44 -5.107 1.384 0.0878044055842 0.464574300582 3.33800005913
-4.44 -5.112 1.42 0.0635390643029 0.418158172312 3.38800001144
-4.417 -5.169 1.14 0.204269274773 0.44446443506 3.44500017166
-4.433 -5.201 1.744 -0.0551667373616 0.315316479628 3.5
-4.423 -5.174 1.372 0.0772478232839 0.383445320742 3.5600001812
-4.422 -5.167 1.399 0.0673595617608 0.38822466442 3.61200022697
-4.399 -5.157 1.263 0.137825561596 0.433550838232 3.67000007629
-4.366 -5.16 1.112 0.215513896868 0.436306647231 3.72300004959
-4.349 -5.136 1.007 0.263653673694 0.41700810972 3.77700018883
-4.352 -5.123 1.007 0.281685893068 0.445528788419 3.83000016212
-4.346 -5.129 0.734 0.345550298707 0.311737150228 3.89100003242
-4.336 -5.118 0.851 0.296187455099 0.337840632112 3.94400000572
-4.318 -5.096 0.802 0.266732224249 0.275739071571 4.0
-4.299 -5.205 0.164 0.241777732458 0.0400109040598 4.0490000248
-4.295 -5.222 0.216 0.250770112174 0.055024762935 4.10700011253
-4.292 -5.22 0.573 0.233666268244 0.150763635565 4.15600013733
-4.309 -5.228 0.713 0.273775514758 0.236749713104 4.21200013161
-4.29 -5.248 0.731 0.311908296751 0.279694414198 4.26400017738
-4.301 -5.264 0.752 0.377219715811 0.352828380525 4.31200003624
-4.292 -5.259 0.708 0.396994342644 0.339849805609 4.37700009346
-4.251 -5.235 0.722 0.459080209427 0.404271825426 4.42800021172
-4.281 -5.241 0.756 0.384338515622 0.362380035396 4.48400020599
-4.266 -5.217 0.769 0.373931894306 0.361865093467 4.54600000381
-4.262 -5.205 0.817 0.350494694289 0.373378019701 4.6210000515
-4.258 -5.231 0.685 0.504029087962 0.411773964199 4.68099999428
-4.229 -5.195 0.735 0.462124209663 0.417742939192 4.74000000954
-4.217 -5.198 0.732 0.439762926316 0.395138311844 4.79400014877
-4.213 -5.187 0.775 0.447520479943 0.438309146758 4.85199999809
-4.212 -5.182 0.802 0.472940447088 0.488910405016 4.91000008583
-4.219 -5.175 0.749 0.46244706989 0.429951064973 4.96400022507
-4.186 -5.144 0.745 0.460262058494 0.424499845624 5.02500009537
-4.2 -5.154 0.606 0.414749819451 0.287413943424 5.09400010109
-4.188 -5.141 0.651 0.453071776203 0.345142608337 5.14100003242
-4.174 -5.117 0.738 0.478757645747 0.435395966678 5.1970000267
-4.149 -5.106 0.637 0.577965071328 0.427631249421 5.24500012398
-4.214 -5.146 0.807 0.440147893413 0.45958683986 5.30000019073
-4.232 -5.158 0.692 0.465324515266 0.385616300346 5.35700011253
-4.266 -5.178 0.722 0.339930136321 0.299346767528 5.41600012779
-4.282 -5.165 0.846 0.241472323825 0.272668395065 5.47600007057
-4.247 -5.16 0.772 0.354826365862 0.345443474666 5.52500009537
-4.207 -5.136 0.636 0.483911285607 0.357293414642 5.58600020409
-4.243 -5.171 0.549 0.480294342385 0.293810533897 5.64200019836
-4.24 -5.162 0.625 0.410146219616 0.295914115984 5.70100021362
-4.247 -5.166 0.71 0.326678786959 0.280789781709 5.75300002098
-4.278 -5.218 0.405 0.519644870617 0.222771508795 5.80599999428
-4.275 -5.215 0.601 0.567812467167 0.389295553187 5.85500001907
-4.265 -5.209 0.596 0.576095297952 0.390754281708 5.91200017929
-4.249 -5.203 0.548 0.566055695665 0.345495933842 5.97100019455
-4.251 -5.2 0.568 0.510510341686 0.325782419171 6.02800011635
-4.223 -5.158 0.693 0.542686683517 0.450642777302 6.08800005913
-4.301 -5.237 0.956 0.0807624376066 0.114381069552 6.14500021935
-4.311 -5.24 0.871 0.119431617688 0.141852838962 6.20100021362
-4.313 -5.236 0.838 0.19535101936 0.217064884104 6.25100016594
-4.309 -5.231 0.937 0.221006711273 0.300711749111 6.31100010872
-4.32 -5.248 1.021 0.213667821365 0.348660410776 6.36400008202
-4.322 -5.26 1.118 0.201299363909 0.413763245726 6.42200016975
-4.285 -5.28 1.141 0.214521862587 0.468005630001 6.48000001907
-4.282 -5.257 1.25 0.166543496824 0.50122425742 6.53900003433
-4.283 -5.253 1.291 0.139771706353 0.486443622611 6.59500002861
-4.27 -5.232 1.372 0.111868721358 0.5552976889 6.65600013733
-4.269 -5.21 1.365 0.119977288633 0.574736800708 6.70700001717
-4.279 -5.183 1.459 0.0678907971581 0.604740071586 6.76300001144
-4.277 -5.181 1.497 0.0423147564845 0.572357954242 6.8180000782
-4.278 -5.189 1.375 0.102140854005 0.514985530119 6.87900018692
-4.287 -5.148 1.58 -0.00497479124309 0.540507106662 6.94100022316
-4.295 -5.181 1.628 -0.0220542844525 0.385119034893 7.00100016594
-4.318 -5.168 1.594 -0.00958977443064 0.413212736012 7.06300020218
-4.307 -5.131 1.479 0.0514663286388 0.559082129863 7.12400007248
-4.304 -5.101 1.484 0.0547185519414 0.62884082339 7.1740000248
-4.354 -5.153 1.644 -0.0283970460686 0.387225151559 7.22600007057
-4.352 -5.15 1.706 -0.0542125852352 0.398523536617 7.28299999237
-4.355 -5.126 1.745 -0.0902589504493 0.512871337543 7.34200000763
-4.393 -5.138 1.904 -0.158040945862 0.45662274695 7.39900016785
-4.4 -5.115 1.769 -0.103597101655 0.515817594167 7.46600008011
-4.447 -5.126 1.94 -0.191355370804 0.49452563949 7.52600002289
-4.466 -5.126 1.713 -0.0764812681074 0.534198858989 7.57800006866
-4.459 -5.183 1.341 0.150361155921 0.642765351208 7.63300013542
-4.451 -5.158 1.45 0.0659717716483 0.543481573916 7.69600009918
-4.472 -5.14 1.727 -0.0713611615734 0.453125202035 7.75200009346
-4.496 -5.148 2.238 -0.183129559221 0.23248266892 7.80800008774
-4.519 -5.21 -3.084 -0.26561088618 -0.0153141714313 7.875
-4.564 -5.309 -2.387 -0.308971766344 -0.290498922345 7.92300009727
-4.612 -5.388 -2.265 -0.379643582347 -0.456067835734 7.97300004959
-4.639 -5.436 -2.233 -0.39488220152 -0.506491699979 8.02800011635
-4.681 -5.511 -2.162 -0.436283641855 -0.649908270557 8.08900022507
-4.712 -5.581 -2.112 -0.459346989116 -0.764219307277 8.14500021935
-4.739 -5.658 -2.07 -0.437644147045 -0.802620698969 8.20399999619
-4.77 -5.702 -2.095 -0.487097215186 -0.842499782542 8.25500011444
-4.789 -5.726 -2.148 -0.506176978489 -0.77732373697 8.31300020218
-4.805 -5.75 -2.136 -0.501569964269 -0.790842415509 8.37400007248
-4.812 -5.759 -2.157 -0.443594275035 -0.667991916951 8.42900013924
-4.806 -5.756 -2.121 -0.358230794402 -0.584022291046 8.48500013351
-4.821 -5.818 -2.063 -0.344443815267 -0.642352881016 8.54700016975
-4.847 -5.907 -2.14 -0.437429196754 -0.683648013273 8.60500001907
-4.883 -6.01 -2.084 -0.45033160526 -0.799066214298 8.66600012779
-4.907 -6.037 -2.035 -0.402885623733 -0.80465234035 8.72500014305
-4.932 -6.083 -2.067 -0.444224812196 -0.820536537184 8.78100013733
-4.963 -6.156 -2.022 -0.393321487238 -0.811741249304 8.83900022507
-4.984 -6.173 -2.083 -0.450974676264 -0.802081461118 8.89700007439
-4.965 -6.138 -2.117 -0.43554384991 -0.716479976958 8.95900011063
-4.927 -6.064 -2.127 -0.413082648155 -0.664468769025 9.0110001564
-4.931 -6.042 -2.157 -0.47712885732 -0.718490381799 9.06700015068
-4.914 -6.026 -2.16 -0.467091805983 -0.698817705191 9.13900017738
-4.856 -5.976 -2.089 -0.345303240749 -0.605604906758 9.19400000572
-4.871 -5.986 -2.187 -0.376266905533 -0.531305384887 9.24700021744
-4.901 -6.002 -2.283 -0.448456884224 -0.519427471566 9.30599999428
-4.924 -6.037 -2.332 -0.470254931815 -0.493578952542 9.3630001545
-4.959 -6.046 -2.37 -0.520670668793 -0.506489300795 9.43099999428
-4.983 -6.062 -2.385 -0.536056866902 -0.506030698057 9.48200011253
-5.005 -6.072 -2.493 -0.57259759403 -0.434021019435 9.54000020027
-5.041 -6.108 -2.435 -0.562706392159 -0.48033815362 9.59900021553
-5.052 -6.168 -2.359 -0.540949602947 -0.537922807876 9.66100001335
-5.097 -6.133 -2.354 -0.445448985116 -0.447408354937 9.72000002861
-4.991 -6.21 -1.939 -0.185139141981 -0.479886170282 9.78000020981
-4.97 -6.282 -1.979 -0.264189215131 -0.610846059535 9.84000015259
-4.977 -6.355 -1.987 -0.287801924564 -0.65109607712 9.89800000191
-5.011 -6.395 -2.073 -0.350514026893 -0.638264569188 9.95500016212
-5.036 -6.399 -2.177 -0.443322078973 -0.639453263112 10.0140001774
-5.059 -6.44 -2.216 -0.480348669389 -0.638198300826 10.0830001831
-5.065 -6.462 -2.16 -0.465533069877 -0.696485674583 10.1360001564
-5.046 -6.424 -2.102 -0.387290131587 -0.659177922111 10.1940000057
-4.99 -6.313 -1.605 -0.0429386137738 -1.25489059924 10.2570002079
-4.992 -6.393 -1.609 -0.0467266616091 -1.22249832637 10.3180000782
-5.03 -6.459 -1.764 -0.229029405057 -1.17064325915 10.3760001659
-5.056 -6.531 -1.776 -0.240336549441 -1.15472413325 10.4270000458
-5.069 -6.589 -1.843 -0.302467635007 -1.08360051694 10.4790000916
-5.068 -6.651 -1.774 -0.229207607244 -1.11240162068 10.5430002213
-5.061 -6.72 -1.746 -0.204637886637 -1.15602434722 10.5990002155
-5.047 -6.754 -1.722 -0.180887575245 -1.18718645278 10.6579999924
-5.058 -6.819 -1.677 -0.120869096751 -1.13380558931 10.7150001526
-5.032 -6.823 -1.654 -0.0849672402276 -1.01883816611 10.7730000019
-5.03 -6.892 -1.639 -0.069287904094 -1.01432123884 10.8330001831
-5.006 -6.895 -1.518 0.0443947008938 -0.840085789129 10.8900001049
-5.015 -6.922 -1.516 0.0433452644616 -0.790233122116 10.9460000992
-4.984 -6.887 -1.286 0.228951990635 -0.782061493094 10.9970002174
-4.972 -6.932 -1.385 0.148039036108 -0.787591746557 11.0570001602
-4.954 -6.92 -1.34 0.152586129157 -0.64934826127 11.1260001659
-4.954 -6.908 -1.307 0.152113527727 -0.563194340621 11.1760001183
-4.92 -6.858 -1.354 0.0813382597461 -0.36928638554 11.2350001335
-4.91 -6.877 -1.432 0.0591475930014 -0.423406663346 11.2940001488
-4.917 -6.893 -1.523 0.0212403412562 -0.444054298197 11.3470001221
-4.927 -6.897 -1.525 0.0226056354793 -0.493267281978 11.4000000954
-4.948 -6.908 -1.607 -0.0177466025982 -0.489973718807 11.4580001831
-4.959 -6.908 -1.507 0.0219457160952 -0.343529734441 11.5170001984
-4.96 -6.89 -1.189 0.0821128185548 -0.204516584301 11.5640001297
-4.955 -6.908 -1.143 0.116633557685 -0.255799729177 11.623000145
-4.91 -6.88 -0.39 0.412774889597 -0.16967314722 11.6780002117
-4.885 -6.885 -0.37 0.485966305624 -0.188488427757 11.737000227
-4.86 -6.887 -0.307 0.544054742487 -0.172477780534 11.7890000343
-4.834 -6.895 -0.231 0.574522093253 -0.135126695974 11.8410000801
-4.82 -6.878 -0.155 0.65829627477 -0.102860990076 11.8920001984
-4.764 -6.881 -0.065 0.711922411794 -0.0463402376577 11.9560000896
