-15.201 2.132 0.45 0.197175404238 0.095246577832 0.0190000534058
-15.129 2.159 0.322 0.357164729342 0.119153910427 0.0710000991821
-15.074 2.176 0.238 0.39152047635 0.0949820705605 0.128000020981
-15.009 2.197 0.237 0.565431795208 0.136574037913 0.184000015259
-14.983 2.195 0.134 0.637837337449 0.0859854720581 0.241000175476
-14.97 2.193 0.047 0.684175631856 0.0321799533598 0.297000169754
-14.969 2.206 0.117 0.681031941026 0.0800463222319 0.357000112534
-14.954 2.217 0.153 0.602779293436 0.0929516681982 0.412000179291
-14.946 2.206 -0.021 0.515282359358 -0.0108225205038 0.47000002861
-14.934 2.19 -0.141 0.469142542325 -0.0665909829182 0.529000043869
-14.943 2.164 -0.173 0.448482952708 -0.0783709702099 0.589000225067
-14.935 2.156 -0.153 0.489440925738 -0.0754743088012 0.644000053406
-14.927 2.164 -0.055 0.595330426406 -0.0327762294839 0.705000162125
-14.927 2.168 -0.119 0.566128736817 -0.0676891370222 0.764000177383
-14.933 2.173 -0.096 0.491567127811 -0.0473359497295 0.819000005722
-14.932 2.165 -0.072 0.486306764419 -0.0350747171062 0.881000041962
-14.945 2.175 -0.017 0.497184148238 -0.0084529448361 0.936000108719
-14.953 2.18 0.092 0.531925923157 0.0490757220918 0.992000102997
-14.947 2.175 0.153 0.569738823856 0.0878566578039 1.04400014877
-14.948 2.154 0.142 0.592977952458 0.0847734271348 1.09400010109
-14.927 2.152 0.18 0.626710399993 0.114042196331 1.15799999237
-14.901 2.146 0.121 0.673953048972 0.0819486465469 1.21800017357
-14.897 2.155 0.128 0.663788870816 0.0854320588337 1.26900005341
-14.896 2.151 0.105 0.558141049976 0.0588211369762 1.32700014114
-14.906 2.159 0.108 0.607689647822 0.0658868494533 1.375
-14.896 2.16 0.121 0.530447031861 0.0644991760067 1.43200016022
-14.878 2.168 0.059 0.493089531126 0.0291260861506 1.49300003052
-14.885 2.173 0.044 0.407277437166 0.017931780705 1.55400013924
-14.887 2.166 0.308 0.367553457117 0.116927463741 1.60900020599
-14.92 2.15 0.032 0.354359490498 0.0113433758326 1.66100001335
-14.96 2.148 0.022 0.285502894363 0.00628207721715 1.71400022507
-14.972 2.139 -0.185 0.301520609562 -0.0564265188924 1.75900006294
-14.974 2.144 -0.232 0.308466217502 -0.0728763776811 1.81300020218
-14.985 2.139 -0.042 0.315767288402 -0.0132700298082 1.86100006104
-14.97 2.123 -0.119 0.449224390349 -0.0537114782107 1.92000007629
-14.952 2.081 -0.355 0.496874814416 -0.184194043575 1.98000001907
-14.938 2.053 -0.442 0.555744496086 -0.262992801483 2.03600001335
-14.931 2.043 -0.465 0.542628346621 -0.272232101684 2.09500002861
-14.914 2.025 -0.468 0.502458322077 -0.253968759086 2.14900016785
-14.894 1.995 -0.537 0.526692772942 -0.313571273925 2.20200014114
-14.864 1.962 -0.525 0.542404083736 -0.314171338016 2.25800013542
-14.844 1.96 -0.423 0.616239684214 -0.277416109871 2.31600022316
-14.826 1.984 -0.302 0.603294803988 -0.187943819119 2.37400007248
-14.815 2.013 -0.201 0.662330603 -0.134950746756 2.42500019073
-14.805 2.028 -0.24 0.645417173446 -0.157944362561 2.47699999809
-14.802 2.038 -0.261 0.618403001961 -0.16517086222 2.53600001335
-14.8 2.032 -0.253 0.602974660071 -0.155893056013 2.58800005913
-14.799 2.005 -0.289 0.6041054537 -0.179615086709 2.63700008392
-14.803 1.986 -0.335 0.549146262742 -0.191169409207 2.69600009918
-14.815 1.934 -0.446 0.537316610528 -0.256907827493 2.7570002079
-14.804 1.927 -0.453 0.540992546383 -0.263333787804 2.81300020218
-14.805 1.931 -0.408 0.514437876799 -0.222368580054 2.86600017548
-14.808 1.924 -0.416 0.496648734121 -0.219411150199 2.91300010681
-14.816 1.937 -0.247 0.566047891252 -0.142728273424 2.96700000763
-14.825 1.931 -0.284 0.582166625592 -0.169928666348 3.02600002289
-14.825 1.919 -0.179 0.600216167705 -0.108601074899 3.08000016212
-14.823 1.923 -0.159 0.62209471822 -0.0997551167947 3.12900018692
-14.817 1.922 -0.129 0.562268981354 -0.0729377337637 3.17900013924
-14.817 1.923 -0.079 0.502419113851 -0.039773887385 3.23100018501
-14.819 1.922 -0.145 0.417540817595 -0.0609713260725 3.28000020981
-14.825 1.927 -0.208 0.381416793788 -0.0804989576169 3.33800005913
-14.817 1.923 -0.203 0.371282319576 -0.0764229777383 3.38800001144
-14.809 1.926 -0.288 0.414832735496 -0.122888382955 3.44500017166
-14.812 1.927 -0.284 0.406646930163 -0.118696207374 3.5
-14.827 1.921 -0.337 0.364992822713 -0.127880731061 3.5600001812
-14.843 1.927 -0.4 0.34992765072 -0.147947037773 3.61200022697
-14.876 1.932 -0.25 0.365922371921 -0.0934353214639 3.67000007629
-14.907 1.936 -0.139 0.352378228275 -0.0492984821013 3.72300004959
-14.903 1.938 -0.202 0.379655359088 -0.0777507848232 3.77700018883
-14.935 1.956 -0.065 0.347670251425 -0.0226304465355 3.83000016212
-14.935 1.944 -0.119 0.399146074152 -0.0477238683502 3.89100003242
-14.928 1.939 -0.15 0.513737766505 -0.0776438693656 3.94400000572
-14.91 1.935 -0.169 0.52021265732 -0.0887626020662 4.0
-14.915 1.944 -0.231 0.551654089386 -0.129748177302 4.0490000248
-14.906 1.953 -0.106 0.556354699111 -0.059195471128 4.10700011253
-14.905 1.982 0.007 0.508106551135 0.0035568039526 4.15600013733
-14.891 2.027 0.208 0.481665423129 0.101656678766 4.21200013161
-14.899 2.051 0.374 0.393799488078 0.154555307377 4.26400017738
-14.901 2.088 0.367 0.465142405827 0.178808112876 4.31200003624
-14.908 2.104 0.403 0.427493387979 0.18225495868 4.37700009346
-14.911 2.119 0.367 0.462977832687 0.177976016655 4.42800021172
-14.933 2.126 0.4 0.455842296542 0.192727031792 4.48400020599
-14.94 2.149 0.428 0.498850252171 0.227576768123 4.54600000381
-14.929 2.184 0.49 0.49542372378 0.264253141827 4.6210000515
-14.935 2.212 0.476 0.477907880955 0.246379309932 4.68099999428
-14.933 2.243 0.487 0.428888230013 0.22711380904 4.74000000954
-14.944 2.261 0.581 0.353938614312 0.23239560995 4.79400014877
-14.925 2.265 0.414 0.465687921397 0.204621004457 4.85199999809
-14.922 2.268 0.516 0.492125741501 0.279164542548 4.91000008583
-14.91 2.278 0.511 0.498623337355 0.279564309863 4.96400022507
-14.88 2.274 0.361 0.60774814626 0.229452250191 5.02500009537
-14.847 2.264 0.191 0.657242593226 0.127082472065 5.09400010109
-14.837 2.26 0.17 0.664770026187 0.114112310169 5.14100003242
-14.816 2.246 0.191 0.682629380714 0.13199118575 5.1970000267
-14.801 2.237 0.17 0.683331544102 0.117298521349 5.24500012398
-14.788 2.224 0.102 0.653998091172 0.0669401147954 5.30000019073
-14.807 2.224 0.189 0.664645805665 0.127135476668 5.35700011253
-14.802 2.229 0.183 0.661451642023 0.122415232388 5.41600012779
-14.781 2.226 0.169 0.649201454355 0.110771642218 5.47600007057
-14.778 2.231 0.162 0.554403705561 0.0906074243161 5.52500009537
-14.782 2.219 -0.009 0.478760609541 -0.00430896182847 5.58600020409
-14.773 2.212 -0.155 0.453526932971 -0.0708650969776 5.64200019836
-14.755 2.201 -0.177 0.452865294515 -0.0810048630192 5.70100021362
-14.744 2.203 -0.264 0.476859741012 -0.128899573613 5.75300002098
-14.735 2.19 -0.334 0.530974273251 -0.184248240791 5.80599999428
-14.744 2.172 -0.404 0.471025596059 -0.201371095449 5.85500001907
-14.753 2.152 -0.498 0.423466657229 -0.230242390448 5.91200017929
-14.785 2.096 -0.524 0.327854920837 -0.189462558641 5.97100019455
-14.806 2.057 -0.867 0.253887796831 -0.299114205931 6.02800011635
-14.823 2.058 -0.789 0.264091287649 -0.26600060027 6.08800005913
-14.84 2.056 -0.726 0.26377593518 -0.234164363174 6.14500021935
-14.835 2.063 -0.509 0.285851703294 -0.159518561693 6.20100021362
-14.824 2.066 -0.485 0.36879002266 -0.194345947762 6.25100016594
-14.808 2.07 -0.507 0.370201386275 -0.205619717887 6.31100010872
-14.808 2.099 -0.545 0.384819252633 -0.23329539858 6.36400008202
-14.825 2.106 -0.428 0.429833910511 -0.196091335542 6.42200016975
-14.814 2.116 -0.435 0.430730622771 -0.200154769875 6.48000001907
-14.82 2.114 -0.435 0.451262160528 -0.209695501362 6.53900003433
-14.829 2.108 -0.469 0.465726698475 -0.235987679628 6.59500002861
-14.819 2.102 -0.51 0.503543907598 -0.281661673425 6.65600013733
-14.82 2.096 -0.559 0.524186853368 -0.327908934549 6.70700001717
-14.826 2.095 -0.542 0.554640343955 -0.333977527115 6.76300001144
-14.835 2.092 -0.54 0.59727058652 -0.358021682604 6.8180000782
-14.823 2.07 -0.553 0.645051023176 -0.398151632743 6.87900018692
-14.818 2.043 -0.697 0.535727071948 -0.448496208928 6.94100022316
-14.815 2.028 -0.667 0.455458544425 -0.358620195905 7.00100016594
-14.822 2.021 -0.685 0.348493992125 -0.284707283893 7.06300020218
-14.846 2.031 -0.606 0.330163058335 -0.228796884576 7.12400007248
-14.885 2.069 -0.599 0.279121111488 -0.190547544517 7.1740000248
-14.894 2.079 -0.541 0.335565780827 -0.20160448318 7.22600007057
-14.892 2.081 -0.479 0.384888004347 -0.199887916878 7.28299999237
-14.882 2.073 -0.465 0.444021951503 -0.222762098229 7.34200000763
-14.872 2.059 -0.447 0.447751219361 -0.214634195621 7.39900016785
-14.867 2.044 -0.455 0.501873706881 -0.245535065583 7.46600008011
-14.876 2.022 -0.543 0.496108448935 -0.299408855633 7.52600002289
-14.863 2.008 -0.5 0.495975438261 -0.270952616823 7.57800006866
-14.851 1.997 -0.467 0.485959912419 -0.245019792561 7.63300013542
-14.857 1.992 -0.504 0.42235692365 -0.232933086112 7.69600009918
-14.857 1.996 -0.473 0.432246460107 -0.221200291792 7.75200009346
-14.865 1.993 -0.501 0.458028291324 -0.250817046436 7.80800008774
-14.875 2.001 -0.582 0.387428053259 -0.254939550946 7.875
-14.881 2.008 -0.511 0.409902701342 -0.22982110388 7.92300009727
-14.893 2.009 -0.589 0.427151456989 -0.285383437831 7.97300004959
-14.897 2.006 -0.501 0.440119608444 -0.241010222205 8.02800011635
-14.914 1.992 -0.487 0.46585864112 -0.246691149476 8.08900022507
-14.92 1.986 -0.443 0.454577203594 -0.21567443819 8.14500021935
-14.92 1.978 -0.381 0.456482636339 -0.182854489299 8.20399999619
-14.918 1.971 -0.403 0.499000927986 -0.212741053005 8.25500011444
-14.908 1.957 -0.4 0.488102457857 -0.206366409231 8.31300020218
-14.908 1.953 -0.363 0.493541881696 -0.187462887093 8.37400007248
-14.896 1.966 -0.259 0.512125489086 -0.135688190511 8.42900013924
-14.893 1.968 -0.18 0.548345282175 -0.0997821327489 8.48500013351
-14.88 1.958 -0.265 0.585951086448 -0.159016902611 8.54700016975
-14.894 1.951 -0.207 0.551711089705 -0.115863825299 8.60500001907
-14.92 1.941 -0.164 0.507663585464 -0.0840113719579 8.66600012779
-14.961 1.939 -0.114 0.498112643993 -0.0570321188749 8.72500014305
-14.983 1.946 -0.138 0.537674322929 -0.0746736880563 8.78100013733
-14.976 1.945 -0.092 0.577924567998 -0.0533195775095 8.83900022507
-14.948 1.952 -0.059 0.624364714802 -0.036880321574 8.89700007439
-14.917 1.956 0.035 0.646226983842 0.0226271846228 8.95900011063
-14.89 1.971 0.028 0.651979340584 0.0182601937831 9.0110001564
-14.884 1.996 0.052 0.678620470275 0.0353201053829 9.06700015068
-14.875 2.016 0.119 0.584062999673 0.0698334457225 9.13900017738
-14.887 2.031 0.217 0.510884859345 0.112635554814 9.19400000572
-14.898 2.044 0.166 0.475012284865 0.0795843949298 9.24700021744
-14.915 2.056 0.254 0.416622581826 0.108158179541 9.30599999428
-14.902 2.063 0.2 0.495842143527 0.100512178521 9.3630001545
-14.873 2.066 0.069 0.501837002585 0.0346818106895 9.43099999428
-14.87 2.064 0.107 0.477829554986 0.0513237807018 9.48200011253
-14.857 2.06 0.003 0.479327843017 0.00143798784302 9.54000020027
-14.848 2.038 -0.105 0.493195713166 -0.0519767048158 9.59900021553
-14.844 2.016 -0.148 0.473869390998 -0.0706492584833 9.66100001335
-14.836 2.004 -0.05 0.45447231724 -0.0227425711641 9.72000002861
-14.827 1.999 -0.002 0.458806082386 -0.000917613388257 9.78000020981
-14.812 2.02 -0.114 0.456185569237 -0.0522316185456 9.84000015259
-14.805 2.032 -0.141 0.506283261738 -0.071862807127 9.89800000191
-14.793 2.036 -0.134 0.523746366097 -0.0706051149462 9.95500016212
-14.813 2.006 -0.272 0.476552097626 -0.132916347111 10.0140001774
-14.824 1.991 -0.296 0.437112101169 -0.133301219828 10.0830001831
-14.848 1.987 -0.407 0.424887592601 -0.183155923035 10.1360001564
-14.861 1.975 -0.389 0.444419904953 -0.182161687787 10.1940000057
-14.859 1.971 -0.424 0.461496604261 -0.208309813689 10.2570002079
-14.889 1.954 -0.405 0.465730323999 -0.199658368311 10.3180000782
-14.918 1.946 -0.365 0.464003559388 -0.177305995248 10.3760001659
-14.912 1.944 -0.392 0.459637365805 -0.190011685041 10.4270000458
-14.902 1.938 -0.337 0.491295947124 -0.17213293242 10.4790000916
-14.89 1.934 -0.408 0.495075352335 -0.213999023174 10.5430002213
-14.888 1.927 -0.496 0.462813967793 -0.250437894895 10.5990002155
-14.886 1.927 -0.419 0.464915691995 -0.207061200657 10.6579999924
-14.882 1.921 -0.422 0.508675342515 -0.228381773313 10.7150001526
-14.883 1.92 -0.344 0.520915919817 -0.186614897683 10.7730000019
-14.885 1.921 -0.32 0.500372364405 -0.165818100231 10.8330001831
-14.889 1.925 -0.256 0.484240261288 -0.126746499582 10.8900001049
-14.914 1.938 -0.289 0.461788767201 -0.137300911545 10.9460000992
-14.935 1.949 -0.238 0.395395088549 -0.0959220435928 10.9970002174
-14.938 1.955 -0.199 0.423044038841 -0.0853149337564 11.0570001602
-14.928 1.961 -0.208 0.449518583802 -0.0948720088229 11.1260001659
-14.94 1.975 -0.173 0.459176902867 -0.080239704003 11.1760001183
-14.938 1.987 -0.112 0.499587128268 -0.0561888995962 11.2350001335
-14.934 1.987 -0.101 0.55926330261 -0.0566784503815 11.2940001488
-14.96 1.987 -0.199 0.575114471141 -0.115982849308 11.3470001221
-14.989 1.994 -0.227 0.579401636648 -0.133830830149 11.4000000954
-14.987 1.994 -0.195 0.629796305087 -0.124390946084 11.4580001831
-14.982 1.999 -0.163 0.617453639521 -0.101545864249 11.5170001984
-14.996 2.01 -0.138 0.601227331821 -0.083500104641 11.5640001297
-14.971 2.014 -0.154 0.696867098107 -0.108174040066 11.623000145
-14.941 2.002 -0.139 0.7590823825 -0.10619727964 11.6780002117
-14.915 1.976 -0.168 0.744461180708 -0.126259569472 11.737000227
-14.902 1.976 -0.122 0.74916889826 -0.0918547806125 11.7890000343
-14.878 1.992 -0.009 0.719208871058 -0.00647305461294 11.8410000801
-14.899 2.02 0.154 0.668040336567 0.103699288329 11.8920001984
-14.886 2.042 0.209 0.690723716476 0.146500591871 11.9560000896
