-11.461 8.251 0.56 0.885473094561 0.555146944937 0.0190000534058
-11.422 8.269 0.598 0.840981728318 0.572880731151 0.0710000991821
-11.363 8.273 0.534 0.827749986696 0.489450933623 0.128000020981
-11.288 8.298 0.567 0.816216525905 0.519721089947 0.184000015259
-11.243 8.331 0.58 0.799198238861 0.523609470408 0.241000175476
-11.18 8.374 0.577 0.85655714415 0.557523717133 0.297000169754
-11.127 8.417 0.632 0.819247237498 0.599838427641 0.357000112534
-11.08 8.455 0.612 0.847102330911 0.59458113332 0.412000179291
-11.063 8.478 0.679 0.718942663778 0.580193040378 0.47000002861
-11.002 8.543 0.777 0.749269406622 0.736788952293 0.529000043869
-10.933 8.634 0.787 0.861516751357 0.864281200048 0.589000225067
-11.007 8.673 0.905 0.702369655257 0.894243257272 0.644000053406
-10.953 8.773 0.986 0.683170261809 1.0319087276 0.705000162125
-10.936 8.854 1.071 0.619348836297 1.13425946116 0.764000177383
-10.913 8.953 1.077 0.63222618737 1.17454242679 0.819000005722
-10.886 9.029 1.097 0.614341186128 1.19812762952 0.881000041962
-10.88 9.115 1.177 0.541678760817 1.30368042625 0.936000108719
-10.877 9.201 1.219 0.49343284768 1.34426371004 0.992000102997
-10.875 9.285 1.263 0.442356276769 1.39149757396 1.04400014877
-10.861 9.351 1.23 0.463451024291 1.30684649036 1.09400010109
-10.841 9.425 1.179 0.526103863711 1.27337728008 1.15799999237
-10.808 9.496 1.16 0.538981374728 1.23739265345 1.21800017357
-10.799 9.568 1.156 0.553364963143 1.25666078158 1.26900005341
-10.758 9.612 1.11 0.593014827895 1.19453242958 1.32700014114
-10.716 9.669 1.102 0.593194965923 1.17127448128 1.375
-10.668 9.709 1.032 0.690400904617 1.15491319263 1.43200016022
-10.603 9.775 0.972 0.777439428386 1.1393203711 1.49300003052
-10.565 9.85 1.007 0.748313857673 1.18357139839 1.55400013924
-10.507 9.859 0.999 0.671652168326 1.04373909497 1.60900020599
-10.454 9.848 0.962 0.62216418993 0.89246673781 1.66100001335
-10.423 9.839 0.892 0.597229151253 0.740361348839 1.71400022507
-10.389 9.842 0.849 0.585195670628 0.664805409652 1.75900006294
-10.352 9.869 0.839 0.593416715095 0.660704363218 1.81300020218
-10.323 9.874 0.855 0.540306697053 0.621286527792 1.86100006104
-10.281 9.903 0.911 0.507040830483 0.653589598035 1.92000007629
-10.273 9.926 0.985 0.399826734327 0.602616542891 1.98000001907
-10.251 9.949 0.978 0.395915329578 0.587748781441 2.03600001335
-10.238 9.987 1.051 0.361676550066 0.631979683889 2.09500002861
-10.221 10.028 1.084 0.354302725755 0.669405057882 2.14900016785
-10.221 10.078 1.153 0.304307646003 0.685482572086 2.20200014114
-10.225 10.124 1.213 0.266559226611 0.712936712499 2.25800013542
-10.233 10.169 1.249 0.23139317388 0.694073621976 2.31600022316
-10.214 10.201 1.215 0.270143996064 0.726953400856 2.37400007248
-10.187 10.243 1.17 0.327344285865 0.772526325011 2.42500019073
-10.172 10.27 1.176 0.322224026788 0.773326322159 2.47699999809
-10.164 10.302 1.259 0.272270541577 0.844749269925 2.53600001335
-10.15 10.336 1.261 0.257764903688 0.805256263846 2.58800005913
-10.129 10.352 1.184 0.314816284093 0.772906487949 2.63700008392
-10.1 10.385 1.13 0.344206946728 0.729632724957 2.69600009918
-10.06 10.417 1.039 0.43635252558 0.741676654396 2.7570002079
-10.025 10.439 0.945 0.496537167258 0.687062303257 2.81300020218
-9.969 10.459 0.904 0.566952385356 0.720348561003 2.86600017548
-9.929 10.488 0.914 0.590109380019 0.765397444191 2.91300010681
-9.898 10.508 0.962 0.505697875462 0.725401012363 2.96700000763
-9.857 10.51 0.966 0.459049686799 0.6641331759 3.02600002289
-9.828 10.521 0.949 0.439556885544 0.613371410527 3.08000016212
-9.793 10.529 0.919 0.435812561341 0.571150931774 3.12900018692
-9.775 10.518 0.932 0.397188449174 0.534808197144 3.17900013924
-9.746 10.503 0.901 0.40378854961 0.50988378208 3.23100018501
-9.735 10.478 0.949 0.380904176765 0.531525588295 3.28000020981
-9.719 10.473 0.944 0.393282082456 0.543042752118 3.33800005913
-9.704 10.464 0.927 0.384834803854 0.512797612186 3.38800001144
-9.694 10.483 1.013 0.348266787652 0.558223710294 3.44500017166
-9.689 10.5 0.992 0.389291007551 0.595747692974 3.5
-9.68 10.528 1.033 0.351002317895 0.588497496179 3.5600001812
-9.674 10.546 1.004 0.361760155825 0.568396025825 3.61200022697
-9.663 10.571 0.968 0.369967131447 0.537547737536 3.67000007629
-9.666 10.586 1.045 0.311637430779 0.537042889634 3.72300004959
-9.653 10.575 0.937 0.347847606259 0.47329722025 3.77700018883
-9.656 10.575 0.879 0.342145403522 0.413039234437 3.83000016212
-9.657 10.584 0.966 0.316235795477 0.457516232389 3.89100003242
-9.658 10.584 0.978 0.311033591177 0.461739166292 3.94400000572
-9.645 10.599 0.986 0.363075365897 0.548414736107 4.0
-9.651 10.615 1.029 0.356884326381 0.592955180957 4.0490000248
-9.632 10.626 0.977 0.399170071761 0.591303569486 4.10700011253
-9.626 10.629 0.931 0.415906864248 0.558843875915 4.15600013733
-9.586 10.653 0.851 0.456121640259 0.520266542734 4.21200013161
-9.567 10.678 0.792 0.494848716987 0.501426055805 4.26400017738
-9.557 10.695 0.79 0.518712882276 0.523509051174 4.31200003624
-9.544 10.704 0.828 0.5067425907 0.551868678339 4.37700009346
-9.535 10.736 0.85 0.485987169253 0.55321509297 4.42800021172
-9.516 10.77 0.902 0.476300198829 0.602685170609 4.48400020599
-9.499 10.834 1.028 0.372452410715 0.617422911562 4.54600000381
-9.481 10.896 1.038 0.386247260487 0.655012201669 4.6210000515
-9.454 10.935 1.017 0.426150278609 0.689183522051 4.68099999428
-9.421 10.977 1.083 0.371958336336 0.701066320452 4.74000000954
-9.42 10.994 1.066 0.364190183718 0.659112074976 4.79400014877
-9.401 11.021 1.003 0.3928654129 0.615907896354 4.85199999809
-9.367 11.046 0.975 0.441341839075 0.650962703987 4.91000008583
-9.342 11.059 0.861 0.527701222853 0.614195570592 4.96400022507
-9.311 11.077 0.868 0.516152381917 0.609331430538 5.02500009537
-9.292 11.106 0.902 0.450331596758 0.569825870092 5.09400010109
-9.281 11.106 0.839 0.426351567176 0.474695662478 5.14100003242
-9.262 11.121 0.844 0.449386430205 0.505402981539 5.1970000267
-9.226 11.138 0.901 0.410124703141 0.517884756673 5.24500012398
-9.196 11.157 0.932 0.401261293215 0.54029221961 5.30000019073
-9.177 11.179 0.9 0.402557101892 0.507285639982 5.35700011253
-9.136 11.197 0.93 0.428425766727 0.574464898236 5.41600012779
-9.093 11.234 0.961 0.443362970582 0.634630663111 5.47600007057
-9.04 11.263 0.895 0.499842703396 0.623453373627 5.52500009537
-8.967 11.31 0.911 0.498685628078 0.642819511973 5.58600020409
-8.918 11.355 0.934 0.517025651597 0.699083831593 5.64200019836
-8.89 11.384 0.978 0.474493454163 0.704400483263 5.70100021362
-8.857 11.417 0.949 0.504589092859 0.704119384321 5.75300002098
-8.829 11.445 0.955 0.493414194882 0.697324584383 5.80599999428
-8.791 11.466 0.995 0.447754527085 0.689726595543 5.85500001907
-8.768 11.49 1.023 0.397762911299 0.651987757894 5.91200017929
-8.747 11.505 0.97 0.406632389353 0.59335844109 5.97100019455
-8.707 11.545 0.92 0.444219447319 0.583377274697 6.02800011635
-8.672 11.58 0.976 0.411566420267 0.608353941176 6.08800005913
-8.615 11.661 0.891 0.531178669241 0.6571353758 6.14500021935
-8.565 11.729 0.889 0.564937146277 0.696046818544 6.20100021362
-8.522 11.747 0.857 0.562924534039 0.649914767548 6.25100016594
-8.481 11.761 0.833 0.545212935065 0.599756801207 6.31100010872
-8.438 11.804 0.794 0.599889091559 0.610299190172 6.36400008202
-8.401 11.835 0.808 0.60172381848 0.629557783824 6.42200016975
-8.345 11.882 0.832 0.631043126654 0.692780434702 6.48000001907
-8.284 11.922 0.809 0.667317345733 0.699584737046 6.53900003433
-8.23 11.978 0.803 0.711859732732 0.737371498849 6.59500002861
-8.151 11.969 0.686 0.751527259275 0.615225374414 6.65600013733
-8.097 11.954 0.67 0.777341812169 0.615852295882 6.70700001717
-8.042 11.986 0.718 0.788583037044 0.688855352554 6.76300001144
-8.002 12.029 0.768 0.760955534096 0.734927293962 6.8180000782
-7.957 12.088 0.803 0.762996782143 0.790341207679 6.87900018692
-7.882 12.155 0.844 0.784416038001 0.88219442717 6.94100022316
-7.822 12.225 0.827 0.832502243986 0.904819755009 7.00100016594
-7.799 12.285 0.88 0.734382320257 0.888355944036 7.06300020218
-7.776 12.336 0.892 0.690434467277 0.855904291353 7.12400007248
-7.696 12.421 0.92 0.739551927122 0.971226699651 7.1740000248
-7.62 12.517 0.979 0.751091289893 1.11742863569 7.22600007057
-7.557 12.581 0.966 0.755589935907 1.09315474608 7.28299999237
-7.503 12.644 0.978 0.702473874521 1.0428446006 7.34200000763
-7.467 12.688 1.014 0.631677058905 1.01474953603 7.39900016785
-7.441 12.699 0.862 0.697908475804 0.813946387896 7.46600008011
-7.425 12.678 0.828 0.624064337945 0.679638079967 7.52600002289
-7.412 12.71 0.856 0.603681330119 0.6955630882 7.57800006866
-7.369 12.756 0.836 0.600171670827 0.664206175786 7.63300013542
-7.332 12.79 0.79 0.639913637941 0.645830463977 7.69600009918
-7.293 12.841 0.838 0.575919122771 0.639934299024 7.75200009346
-7.264 12.881 0.902 0.517835577166 0.655241849445 7.80800008774
-7.236 12.924 0.95 0.441374729771 0.617210737464 7.875
-7.224 12.958 0.989 0.396496467253 0.602817449217 7.92300009727
-7.207 12.996 0.996 0.409327780987 0.631916301854 7.97300004959
-7.194 13.031 0.99 0.417231451644 0.635725858492 8.02800011635
-7.145 13.098 1.011 0.434378702465 0.69315841708 8.08900022507
-7.099 13.137 0.973 0.515809221514 0.757533019057 8.14500021935
-7.05 13.174 0.949 0.52320683685 0.730099165934 8.20399999619
-7.002 13.217 0.891 0.596539698692 0.737995258054 8.25500011444
-6.958 13.239 0.751 0.652515733327 0.60910129998 8.31300020218
-6.898 13.313 0.757 0.72207071677 0.682181800865 8.37400007248
-6.837 13.346 0.669 0.809075315698 0.639677433659 8.42900013924
-6.776 13.376 0.617 0.857996587394 0.608653919483 8.48500013351
-6.714 13.429 0.665 0.854933150534 0.670394021806 8.54700016975
-6.652 13.48 0.652 0.886672377402 0.676854686202 8.60500001907
-6.608 13.519 0.685 0.803347470596 0.656306511862 8.66600012779
-6.564 13.554 0.663 0.78419045466 0.612392489625 8.72500014305
-6.521 13.586 0.619 0.792287065122 0.564425635642 8.78100013733
-6.477 13.618 0.665 0.765492188737 0.60025908078 8.83900022507
-6.432 13.657 0.667 0.766180489103 0.603277291565 8.89700007439
-6.382 13.693 0.603 0.768591779171 0.52921387631 8.95900011063
-6.354 13.722 0.636 0.716941243707 0.529349888463 9.0110001564
-6.317 13.755 0.66 0.658820341395 0.511313703638 9.06700015068
-6.258 13.807 0.658 0.674240215343 0.521123766826 9.13900017738
