-12.76 5.852 0.904 0.616737501479 0.783603673221 0.0190000534058
-12.735 5.904 1.011 0.551850067322 0.880612969651 0.0710000991821
-12.708 5.968 1.021 0.580286340875 0.946903809308 0.128000020981
-12.687 6.036 0.962 0.637754223068 0.914829943926 0.184000015259
-12.666 6.097 1.048 0.564765268093 0.98001744299 0.241000175476
-12.649 6.175 1.082 0.513942893261 0.966343220916 0.297000169754
-12.639 6.228 1.176 0.397574968438 0.954165929802 0.357000112534
-12.625 6.281 1.152 0.418400589801 0.939952290214 0.412000179291
-12.62 6.309 1.217 0.32766180018 0.887162955351 0.47000002861
-12.593 6.353 1.143 0.378142310722 0.829338507657 0.529000043869
-12.566 6.401 1.162 0.36575639134 0.844311245391 0.589000225067
-12.523 6.465 1.152 0.398651906936 0.895586148911 0.644000053406
-12.479 6.548 1.129 0.447089144566 0.945266459982 0.705000162125
-12.447 6.618 1.153 0.434967207867 0.979805944208 0.764000177383
-12.408 6.677 1.082 0.497828882388 0.93604478626 0.819000005722
-12.382 6.75 1.175 0.400022914832 0.957343300942 0.881000041962
-12.365 6.796 1.132 0.415972038241 0.886346404071 0.936000108719
-12.361 6.83 1.161 0.358229263856 0.824673735897 0.992000102997
-12.354 6.869 1.162 0.335556336918 0.774597506509 1.04400014877
-12.332 6.893 1.214 0.284748173729 0.763912595529 1.09400010109
-12.308 6.927 1.17 0.306763004214 0.72395488948 1.15799999237
-12.292 6.995 1.227 0.300011285495 0.837987573837 1.21800017357
-12.269 7.063 1.21 0.343105204355 0.909340161766 1.26900005341
-12.233 7.123 1.125 0.419712826747 0.878279005575 1.32700014114
-12.2 7.179 1.109 0.455078545887 0.914385145316 1.375
-12.15 7.248 1.078 0.518237969054 0.965087613366 1.43200016022
-12.119 7.329 1.21 0.396944193235 1.05203095816 1.49300003052
-12.093 7.393 1.217 0.397409695795 1.0760093487 1.55400013924
-12.073 7.438 1.305 0.294034340802 1.08006468304 1.60900020599
-12.039 7.496 1.263 0.353961245966 1.11343783485 1.66100001335
-11.998 7.53 1.182 0.422749202617 1.03198020672 1.71400022507
-11.983 7.561 1.1 0.496240053589 0.974992437603 1.75900006294
-11.943 7.591 1.055 0.510378738072 0.900149268317 1.81300020218
-11.906 7.601 1.088 0.443884674142 0.846832990472 1.86100006104
-11.854 7.647 1.075 0.463588226269 0.857136852664 1.92000007629
-11.805 7.691 1.038 0.493365549858 0.836667306409 1.98000001907
-11.755 7.724 0.955 0.561705455932 0.79383817423 2.03600001335
-11.709 7.759 0.91 0.607159643851 0.781031575059 2.09500002861
-11.676 7.788 0.895 0.627389117652 0.782541906323 2.14900016785
-11.648 7.827 0.955 0.578283982501 0.817268011208 2.20200014114
-11.616 7.869 0.933 0.62594144523 0.844583783377 2.25800013542
-11.579 7.956 0.966 0.631599935521 0.913771391504 2.31600022316
-11.536 8.016 0.988 0.631536282312 0.95807447474 2.37400007248
-11.512 8.096 1.074 0.52501150289 0.968388002989 2.42500019073
-11.505 8.135 1.103 0.470612158758 0.931542411772 2.47699999809
-11.483 8.198 1.035 0.52702306765 0.88764794866 2.53600001335
-11.456 8.256 1.023 0.529869322476 0.868528215488 2.58800005913
-11.432 8.308 1.015 0.560419952213 0.90228935975 2.63700008392
-11.409 8.345 1.042 0.547045516323 0.936238812166 2.69600009918
-11.389 8.389 1.106 0.495715714871 0.988590767419 2.7570002079
-11.357 8.45 1.081 0.539057922191 1.01112562467 2.81300020218
-11.322 8.467 0.998 0.594546332525 0.921890434293 2.86600017548
-11.28 8.507 0.93 0.663578980987 0.889775689023 2.91300010681
-11.246 8.54 0.928 0.668537212136 0.892692994662 2.96700000763
-11.193 8.583 0.865 0.729457430901 0.855923928004 3.02600002289
-11.143 8.625 0.811 0.77920084718 0.820156275427 3.08000016212
-11.09 8.676 0.801 0.812755080395 0.838520096475 3.12900018692
-11.05 8.724 0.803 0.826910106564 0.856545070122 3.17900013924
-11.017 8.762 0.818 0.799140321194 0.853022970482 3.23100018501
-10.983 8.781 0.826 0.770471545155 0.835721804236 3.28000020981
-10.932 8.822 0.846 0.765592192409 0.86449987755 3.33800005913
-10.894 8.847 0.847 0.739483611507 0.836702582052 3.38800001144
-10.861 8.899 0.798 0.780531720605 0.800456125834 3.44500017166
-10.824 8.949 0.803 0.792481188257 0.820882281614 3.5
-10.814 8.986 0.878 0.731419749787 0.881177526862 3.5600001812
-10.805 9.015 0.831 0.717392175245 0.785997046729 3.61200022697
-10.779 9.048 0.824 0.735450213234 0.794539998228 3.67000007629
-10.749 9.081 0.814 0.760662981932 0.805469465154 3.72300004959
-10.747 9.115 0.828 0.759661745893 0.827310613682 3.77700018883
-10.711 9.187 0.867 0.773838889864 0.911687004849 3.83000016212
-10.689 9.244 0.869 0.756801273587 0.895237414847 3.89100003242
-10.658 9.272 0.839 0.781771610546 0.870416860511 3.94400000572
-10.621 9.289 0.796 0.823949299638 0.841607926813 4.0
-10.59 9.32 0.827 0.808966716762 0.879239751915 4.0490000248
-10.523 9.348 0.788 0.841682537231 0.84607381339 4.10700011253
-10.475 9.38 0.794 0.837067653399 0.851593599845 4.15600013733
-10.423 9.401 0.766 0.852285193165 0.819844871864 4.21200013161
-10.386 9.424 0.778 0.819883067785 0.807840681815 4.26400017738
-10.334 9.451 0.748 0.780343446864 0.724055446883 4.31200003624
-10.293 9.465 0.795 0.731044074105 0.745219349918 4.37700009346
-10.277 9.481 0.736 0.789859182122 0.715439642644 4.42800021172
-10.25 9.507 0.74 0.758854721762 0.692902303717 4.48400020599
-10.188 9.527 0.653 0.775467592245 0.593193132912 4.54600000381
-10.137 9.552 0.628 0.710032162587 0.5155230898 4.6210000515
-10.104 9.561 0.699 0.664957039574 0.558949833572 4.68099999428
-10.073 9.582 0.693 0.627192521174 0.520815763919 4.74000000954
-10.024 9.609 0.708 0.64959782455 0.556092797008 4.79400014877
-10.015 9.633 0.747 0.574957081408 0.532415112674 4.85199999809
-9.978 9.65 0.804 0.530589767472 0.550706178311 4.91000008583
-9.957 9.669 0.907 0.453508581684 0.579781577029 4.96400022507
-9.933 9.706 0.937 0.445033683558 0.605533002257 5.02500009537
-9.941 9.776 1.089 0.326318906119 0.624060605261 5.09400010109
-9.955 9.835 1.26 0.21391403434 0.665971960497 5.14100003242
-9.961 9.881 1.227 0.237612033705 0.663694805048 5.1970000267
-9.987 9.948 1.267 0.238979631547 0.762293643606 5.24500012398
-9.984 9.984 1.293 0.214911683667 0.753626701003 5.30000019073
-9.924 10.001 1.116 0.349160315165 0.714052111136 5.35700011253
-9.879 9.988 1.047 0.372296837495 0.644542947919 5.41600012779
-9.86 10.0 0.997 0.425503128422 0.6583294744 5.47600007057
-9.822 10.006 0.874 0.495672905631 0.592324522726 5.52500009537
-9.782 10.029 0.86 0.490960499668 0.570278044264 5.58600020409
-9.748 10.022 0.866 0.492845859373 0.57946363022 5.64200019836
-9.757 10.016 0.908 0.4287598959 0.549272943156 5.70100021362
-9.762 10.034 0.913 0.440112592393 0.569666114398 5.75300002098
-9.746 10.058 0.898 0.492892463812 0.618577688805 5.80599999428
-9.697 10.056 0.815 0.505952768222 0.536830075026 5.85500001907
-9.625 10.067 0.778 0.52995440874 0.522170474924 5.91200017929
-9.596 10.084 0.748 0.569795896898 0.52869518469 5.97100019455
-9.575 10.114 0.726 0.609179655869 0.54079295019 6.02800011635
-9.536 10.141 0.82 0.528252067457 0.566134989707 6.08800005913
-9.513 10.169 0.798 0.530705802586 0.544252974583 6.14500021935
-9.496 10.205 0.873 0.528350393364 0.630092511817 6.20100021362
-9.518 10.211 0.917 0.451682264494 0.589500355507 6.25100016594
-9.512 10.245 0.981 0.4163846265 0.622156094593 6.31100010872
-9.511 10.274 1.091 0.341647981951 0.656570907298 6.36400008202
-9.497 10.292 0.981 0.385597187207 0.576153932712 6.42200016975
-9.465 10.325 0.943 0.398287122911 0.5487976317 6.48000001907
-9.461 10.34 0.997 0.353019801822 0.546184798802 6.53900003433
-9.438 10.357 1.007 0.353722319568 0.559465278 6.59500002861
-9.437 10.395 1.104 0.304906799075 0.605043295739 6.65600013733
-9.444 10.421 1.201 0.258730083032 0.667468563855 6.70700001717
-9.448 10.457 1.257 0.235273349216 0.724992126918 6.76300001144
-9.455 10.494 1.33 0.196752760077 0.801238200017 6.8180000782
-9.416 10.498 1.264 0.244143853881 0.770659234851 6.87900018692
-9.384 10.506 1.17 0.311578256302 0.735318793357 6.94100022316
-9.317 10.452 0.95 0.446451078093 0.624309414574 7.00100016594
-9.237 10.434 0.843 0.522749144244 0.586727831175 7.06300020218
-9.205 10.431 0.803 0.50014167986 0.518065853648 7.12400007248
-9.148 10.445 0.816 0.486707928685 0.517446494127 7.1740000248
-9.11 10.446 0.692 0.558467955401 0.462804644413 7.22600007057
-9.084 10.469 0.718 0.570858945095 0.498665608325 7.28299999237
-9.07 10.499 0.768 0.507501737078 0.490142802831 7.34200000763
-9.041 10.527 0.818 0.473177771981 0.505082146297 7.39900016785
-9.029 10.563 0.869 0.422748834285 0.500079197463 7.46600008011
-9.024 10.558 0.891 0.393889264253 0.487290971338 7.52600002289
-9.012 10.564 0.927 0.349293621044 0.465438502519 7.57800006866
-8.971 10.594 0.848 0.413414511392 0.468709336551 7.63300013542
-8.938 10.628 0.813 0.506850835843 0.535632602993 7.69600009918
-8.891 10.655 0.737 0.551385208237 0.500439060739 7.75200009346
-8.853 10.697 0.752 0.58647948846 0.548557245158 7.80800008774
-8.819 10.746 0.697 0.662860069663 0.554928514649 7.875
-8.801 10.792 0.846 0.596588549138 0.673662470427 7.92300009727
-8.779 10.829 0.854 0.59655096838 0.684576820397 7.97300004959
-8.772 10.855 0.866 0.558169524678 0.656267944423 8.02800011635
-8.755 10.906 0.913 0.544321983878 0.704551051019 8.08900022507
-8.734 10.957 0.947 0.553377857408 0.768947962538 8.14500021935
-8.696 10.99 0.89 0.593176776204 0.732335727022 8.20399999619
-8.655 11.018 0.856 0.619954525186 0.714313102902 8.25500011444
-8.623 11.052 0.869 0.603681397257 0.714108435507 8.31300020218
-8.583 11.09 0.872 0.610652514728 0.726765822863 8.37400007248
-8.555 11.116 0.893 0.569932365933 0.707970179571 8.42900013924
-8.524 11.168 0.897 0.580561552529 0.727108896332 8.48500013351
-8.457 11.228 0.904 0.624631674208 0.793633714743 8.54700016975
-8.411 11.272 0.848 0.704214954077 0.798404784591 8.60500001907
-8.338 11.331 0.888 0.703457099708 0.8649451143 8.66600012779
-8.283 11.38 0.932 0.648757967198 0.87354272145 8.72500014305
-8.237 11.439 0.98 0.61528543409 0.917364903953 8.78100013733
-8.198 11.486 0.944 0.628719210972 0.868133652325 8.83900022507
-8.167 11.54 0.964 0.595211101162 0.857454122331 8.89700007439
-8.124 11.601 0.974 0.622485295641 0.916168726091 8.95900011063
-8.094 11.655 0.968 0.635602192694 0.923505067381 9.0110001564
-8.052 11.722 1.001 0.600418529782 0.937156410157 9.06700015068
-8.02 11.777 1.008 0.57722412592 0.914991566768 9.13900017738
-7.976 11.837 0.964 0.631615706203 0.909898168827 9.19400000572
-7.879 11.877 0.866 0.776053721734 0.912445338213 9.24700021744
-7.801 11.894 0.798 0.822721718726 0.843723095713 9.30599999428
-7.765 11.901 0.813 0.751987144753 0.794689094458 9.3630001545
-7.729 11.94 0.821 0.752411674189 0.807988260624 9.43099999428
-7.689 11.994 0.894 0.686711486399 0.854781765159 9.48200011253
-7.645 12.034 0.893 0.673417164147 0.836519031249 9.54000020027
-7.605 12.088 0.939 0.643331313163 0.879024494171 9.59900021553
-7.566 12.149 0.915 0.677957844279 0.881161573336 9.66100001335
-7.523 12.204 0.918 0.671497384402 0.878203513898 9.72000002861
-7.481 12.26 0.964 0.619445102901 0.892365340639 9.78000020981
-7.432 12.319 0.971 0.652637355784 0.954374427796 9.84000015259
-7.371 12.376 0.952 0.684306658443 0.96097876758 9.89800000191
-7.327 12.445 0.969 0.66583784232 0.969510780596 9.95500016212
-7.288 12.502 1.016 0.600829334735 0.969511186012 10.0140001774
-7.207 12.54 0.98 0.657694345688 0.980594821256 10.0830001831
-7.165 12.497 0.921 0.598272181591 0.787321371699 10.1360001564
-7.11 12.511 0.923 0.609203046574 0.805043574225 10.1940000057
-7.041 12.559 0.934 0.605145766834 0.818233331448 10.2570002079
-6.994 12.582 0.917 0.582041718502 0.759635316569 10.3180000782
-6.946 12.626 0.915 0.570182238396 0.741082476607 10.3760001659
-6.931 12.658 0.897 0.518827856241 0.649792168107 10.4270000458
-6.901 12.702 0.918 0.502664696942 0.657399289142 10.4790000916
-6.871 12.74 0.892 0.495841607688 0.614675222581 10.5430002213
-6.855 12.763 0.88 0.46810793698 0.566253376199 10.5990002155
-6.825 12.792 0.903 0.445585894559 0.564981392588 10.6579999924
-6.799 12.821 0.831 0.463511321852 0.507837334546 10.7150001526
-6.775 12.85 0.839 0.440966593635 0.490967889911 10.7730000019
-6.74 12.865 0.827 0.432092238073 0.469627074063 10.8330001831
-6.707 12.893 0.699 0.490864084462 0.412610713155 10.8900001049
-6.683 12.901 0.687 0.436565775299 0.358117091866 10.9460000992
