-4.013 -6.061 1.906 -0.340390624013 0.977152648839 0.0190000534058
-4.058 -5.991 1.961 -0.393254442533 0.956141780518 0.0710000991821
-4.066 -5.975 2.048 -0.445372537144 0.861352670889 0.128000020981
-4.042 -5.986 2.013 -0.381097593853 0.804894162667 0.184000015259
-4.046 -5.979 2.077 -0.41090522437 0.741190928457 0.241000175476
-4.045 -5.985 2.151 -0.427509865604 0.652229175223 0.297000169754
-3.999 -6.117 2.24 -0.366540658458 0.463413064336 0.357000112534
-4.018 -6.12 2.243 -0.380892236938 0.478599647649 0.412000179291
-4.02 -6.126 2.264 -0.377102891331 0.453938111674 0.47000002861
-4.047 -6.077 2.233 -0.391440851108 0.502077686347 0.529000043869
-4.049 -6.055 2.135 -0.333105901216 0.526382471122 0.589000225067
-4.045 -6.087 2.234 -0.364935020988 0.467116171651 0.644000053406
-4.06 -6.001 2.099 -0.277837063356 0.476150724367 0.705000162125
-4.061 -5.943 2.152 -0.290667107989 0.442489672076 0.764000177383
-4.065 -5.931 2.236 -0.332293639475 0.423586292919 0.819000005722
-4.07 -5.878 2.209 -0.340385040877 0.458891198272 0.881000041962
-4.064 -5.869 2.195 -0.348423562266 0.483737330876 0.936000108719
-4.067 -5.926 2.185 -0.349434510565 0.495515115526 0.992000102997
-4.078 -6.028 2.233 -0.369582096686 0.474040773962 1.04400014877
-4.068 -6.041 2.219 -0.361496736545 0.477302922133 1.09400010109
-4.068 -6.032 2.12 -0.309006915348 0.504904941579 1.15799999237
-4.075 -6.026 2.171 -0.34267621512 0.500669587344 1.21800017357
-4.067 -6.033 2.059 -0.283473339447 0.53376469908 1.26900005341
-4.073 -6.04 2.096 -0.312723486926 0.539650974724 1.32700014114
-4.065 -6.038 2.038 -0.238150759116 0.472097006587 1.375
-4.063 -6.019 2.016 -0.20302646434 0.425495358587 1.43200016022
-4.066 -6.023 1.991 -0.187943769638 0.420628196039 1.49300003052
-4.061 -5.998 2.024 -0.220575142588 0.452914811983 1.55400013924
-4.065 -5.994 1.917 -0.16384034361 0.454188226071 1.60900020599
-4.061 -5.975 1.985 -0.190188211084 0.432601702879 1.66100001335
-4.075 -5.983 2.005 -0.173108947468 0.373305923348 1.71400022507
-4.083 -6.0 2.011 -0.15040846682 0.319318662264 1.75900006294
-4.103 -6.001 2.099 -0.238805623589 0.409259546878 1.81300020218
-4.13 -6.009 2.224 -0.335859768559 0.438876407788 1.86100006104
-4.122 -6.01 2.133 -0.199743105749 0.317040647807 1.92000007629
-4.131 -5.988 2.202 -0.276769562036 0.378638499884 1.98000001907
-4.147 -5.976 2.21 -0.302050287754 0.406360189975 2.03600001335
-4.186 -5.969 2.416 -0.378438539488 0.335679363194 2.09500002861
-4.226 -5.964 2.457 -0.427140464122 0.348668647214 2.14900016785
-4.25 -5.949 2.507 -0.413587146059 0.304471507606 2.20200014114
-4.275 -5.934 2.525 -0.414519670434 0.293802221545 2.25800013542
-4.29 -5.913 2.436 -0.402192952385 0.342625799022 2.31600022316
-4.322 -5.909 2.479 -0.44914594899 0.350454035153 2.37400007248
-4.334 -5.892 2.485 -0.462641728621 0.356539274846 2.42500019073
-4.345 -5.871 2.524 -0.493883720758 0.350796196265 2.47699999809
-4.384 -5.87 2.519 -0.486305384625 0.349084747248 2.53600001335
-4.41 -5.868 2.622 -0.509460052679 0.291421884843 2.58800005913
-4.417 -5.871 2.662 -0.516036175052 0.268386906697 2.63700008392
-4.433 -5.881 2.593 -0.468034899573 0.286049131196 2.69600009918
-4.471 -5.87 2.74 -0.563157173427 0.239156988697 2.7570002079
-4.496 -5.866 2.754 -0.556766905027 0.227296517445 2.81300020218
-4.528 -5.859 2.773 -0.564042619868 0.217858630053 2.86600017548
-4.551 -5.862 2.842 -0.526203494667 0.162538987402 2.91300010681
-4.575 -5.919 -3.076 -0.565400527239 -0.0371393990092 2.96700000763
-4.601 -5.908 3.141 -0.660906883932 0.00039168888314 3.02600002289
-4.62 -5.894 3.035 -0.654561750717 0.0700369281329 3.08000016212
-4.647 -5.875 2.975 -0.653672191888 0.109915705671 3.12900018692
-4.693 -5.894 3.005 -0.636389757256 0.0874708407925 3.17900013924
-4.718 -5.941 3.103 -0.613513834718 0.0236888887514 3.23100018501
-4.755 -5.949 3.085 -0.629360817424 0.0356552715708 3.28000020981
-4.767 -5.983 -3.002 -0.725010373721 -0.101868657697 3.33800005913
-4.827 -6.05 -2.835 -0.837551445187 -0.265147525023 3.38800001144
-4.889 -6.094 -2.772 -0.81753216053 -0.316707551623 3.44500017166
-4.91 -6.144 -2.699 -0.746159890728 -0.353643733435 3.5
-4.931 -6.156 -2.67 -0.727095924624 -0.370797927436 3.5600001812
-4.948 -6.268 -2.528 -0.621265382152 -0.437544762945 3.61200022697
-4.966 -6.342 -2.456 -0.568765950178 -0.465224026381 3.67000007629
-4.971 -6.357 -2.469 -0.566291179477 -0.451041210249 3.72300004959
-4.975 -6.383 -2.467 -0.515381442404 -0.412179831445 3.77700018883
-5.012 -6.544 -2.312 -0.450734868039 -0.492445398288 3.83000016212
-5.015 -6.63 -2.301 -0.410712419689 -0.458750790075 3.89100003242
-5.027 -6.638 -2.279 -0.388263212308 -0.453361349019 3.94400000572
-5.035 -6.683 -2.188 -0.341783222884 -0.481591100171 4.0
-5.041 -6.702 -2.174 -0.352853283425 -0.512235083142 4.0490000248
-5.042 -6.755 -2.104 -0.315205862906 -0.534040297511 4.10700011253
-5.045 -6.767 -2.091 -0.288397371794 -0.503458637867 4.15600013733
-5.056 -6.787 -2.153 -0.319803654117 -0.485785623935 4.21200013161
-5.067 -6.837 -2.136 -0.340859874744 -0.537445353383 4.26400017738
-5.07 -6.855 -2.121 -0.336785133594 -0.54905951243 4.31200003624
-5.066 -6.751 -2.368 -0.38554896148 -0.376551558326 4.37700009346
-5.076 -6.721 -2.505 -0.382037826241 -0.282425669389 4.42800021172
-5.094 -6.74 -2.441 -0.434412949001 -0.366341307883 4.48400020599
-5.119 -6.737 -2.402 -0.436551409157 -0.398284555321 4.54600000381
-5.151 -6.771 -2.419 -0.443840912985 -0.391319181432 4.6210000515
-5.152 -6.75 -2.47 -0.361662745545 -0.287467546923 4.68099999428
-5.154 -6.734 -2.579 -0.308826455249 -0.194735820916 4.74000000954
-5.139 -6.713 -2.902 -0.329901174316 -0.0805899099707 4.79400014877
-5.151 -6.699 -3.139 -0.365691770933 -0.000948114207031 4.85199999809
-5.169 -6.673 2.941 -0.383944866362 0.0780664024748 4.91000008583
-5.173 -6.657 3.067 -0.384807964391 0.0287572026194 4.96400022507
-5.176 -6.658 -2.8 -0.37632642953 -0.133795272137 5.02500009537
-5.179 -6.664 -2.764 -0.378624433725 -0.150171539615 5.09400010109
-5.188 -6.668 -2.758 -0.395756795777 -0.15972131536 5.14100003242
-5.182 -6.667 -2.576 -0.333514959672 -0.211704612052 5.1970000267
-5.177 -6.668 -2.399 -0.286988451625 -0.263413802094 5.24500012398
-5.163 -6.661 -2.497 -0.311992189524 -0.234526693099 5.30000019073
-5.171 -6.659 -2.639 -0.391650613761 -0.215280039634 5.35700011253
-5.18 -6.671 -2.707 -0.441076202412 -0.204743796161 5.41600012779
-5.189 -6.675 -2.774 -0.440961783704 -0.169812723768 5.47600007057
-5.176 -6.667 -2.944 -0.320537219822 -0.0641731494699 5.52500009537
-5.173 -6.663 -2.972 -0.315757088029 -0.0540694550438 5.58600020409
-5.174 -6.653 -3.091 -0.331590175075 -0.0167903549302 5.64200019836
-5.173 -6.671 -2.565 -0.272909190738 -0.1774753963 5.70100021362
-5.17 -6.701 -2.513 -0.345799621551 -0.251382988733 5.75300002098
-5.181 -6.712 -2.42 -0.316168289706 -0.27819320362 5.80599999428
-5.163 -6.7 -2.493 -0.344446341692 -0.261085540562 5.85500001907
-5.149 -6.72 -2.239 -0.225358737131 -0.285504732883 5.91200017929
-5.117 -6.712 -2.171 -0.148810638357 -0.21742087023 5.97100019455
-5.103 -6.74 -1.816 -0.0893052796967 -0.35687981797 6.02800011635
-5.092 -6.758 -1.872 -0.128868956787 -0.414829025264 6.08800005913
-5.086 -6.744 -1.803 -0.104514325899 -0.441978877217 6.14500021935
-5.093 -6.787 -1.862 -0.150271269249 -0.501365288427 6.20100021362
-5.088 -6.802 -1.874 -0.139277078133 -0.445188077853 6.25100016594
-5.063 -6.797 -1.647 -0.0312575839134 -0.409390451979 6.31100010872
-5.047 -6.812 -1.563 0.00383994830622 -0.492523031178 6.36400008202
-5.023 -6.82 -1.5 0.0357898408698 -0.504687575947 6.42200016975
-4.996 -6.844 -1.522 0.0264915010355 -0.542468527749 6.48000001907
-4.98 -6.872 -1.44 0.0754772436364 -0.573764877765 6.53900003433
-4.974 -6.9 -1.435 0.0816893886797 -0.597855901282 6.59500002861
-4.985 -6.93 -1.535 0.0219918948875 -0.614099343436 6.65600013733
-4.982 -6.95 -1.476 0.0569802521529 -0.599279216383 6.70700001717
-4.948 -6.895 -1.31 0.115196822684 -0.431651822798 6.76300001144
-4.92 -6.851 -0.991 0.223599856433 -0.341437741392 6.8180000782
-4.891 -6.877 -0.881 0.323039259698 -0.391565704695 6.87900018692
-4.866 -6.876 -0.799 0.346382463268 -0.355935871669 6.94100022316
-4.86 -6.858 -0.902 0.273472036146 -0.34603710258 7.00100016594
-4.845 -6.85 -0.787 0.34640128443 -0.347512822396 7.06300020218
-4.841 -6.839 -0.819 0.366009691065 -0.391472052611 7.12400007248
-4.841 -6.811 -0.699 0.374341036639 -0.314663726641 7.1740000248
-4.858 -6.756 -0.583 0.432439918646 -0.28517883654 7.22600007057
-4.843 -6.729 -0.516 0.499448585617 -0.283318518361 7.28299999237
-4.822 -6.721 -0.548 0.544167646549 -0.33213641458 7.34200000763
-4.807 -6.724 -0.446 0.59175864792 -0.282938263323 7.39900016785
-4.823 -6.717 -0.391 0.54208983642 -0.223462637178 7.46600008011
-4.799 -6.727 -0.325 0.641392755255 -0.216115849679 7.52600002289
-4.784 -6.731 -0.372 0.621523099479 -0.242497073877 7.57800006866
-4.761 -6.735 -0.373 0.592173507208 -0.231728452205 7.63300013542
-4.722 -6.736 -0.3 0.597066198974 -0.184694218759 7.69600009918
-4.719 -6.731 -0.309 0.585114163698 -0.186783214064 7.75200009346
-4.711 -6.721 -0.349 0.538133513734 -0.195824451314 7.80800008774
-4.701 -6.724 -0.435 0.484868950556 -0.225312128015 7.875
-4.722 -6.712 -0.385 0.475479107108 -0.192674606162 7.92300009727
-4.748 -6.655 -0.299 0.517533723524 -0.159525060285 7.97300004959
-4.724 -6.658 -0.303 0.554123454333 -0.173233609322 8.02800011635
-4.704 -6.664 -0.348 0.577492768317 -0.209493386603 8.08900022507
-4.691 -6.667 -0.413 0.502221394895 -0.220074713418 8.14500021935
-4.679 -6.661 -0.425 0.475837352299 -0.215355968946 8.20399999619
-4.674 -6.674 -0.33 0.540907278251 -0.185274193829 8.25500011444
-4.696 -6.692 -0.514 0.499955880796 -0.282286113711 8.31300020218
-4.688 -6.691 -0.468 0.528708609161 -0.267237029396 8.37400007248
-4.675 -6.7 -0.428 0.602554449702 -0.274886889772 8.42900013924
-4.656 -6.696 -0.403 0.639478955251 -0.272631609852 8.48500013351
-4.653 -6.713 -0.461 0.584631474043 -0.290383446041 8.54700016975
-4.636 -6.726 -0.438 0.592210102278 -0.27735541502 8.60500001907
-4.629 -6.713 -0.44 0.572831753796 -0.269678035093 8.66600012779
-4.617 -6.717 -0.44 0.468786217277 -0.22069542255 8.72500014305
-4.637 -6.735 -0.52 0.384792759907 -0.22031764688 8.78100013733
-4.643 -6.749 -0.479 0.374846436784 -0.194672924465 8.83900022507
-4.637 -6.759 -0.423 0.388694664417 -0.174980879181 8.89700007439
-4.62 -6.752 -0.412 0.416352788127 -0.181950783716 8.95900011063
-4.605 -6.755 -0.279 0.410490393478 -0.11759398312 9.0110001564
-4.619 -6.775 -0.372 0.396495507456 -0.154698997421 9.06700015068
-4.644 -6.804 -0.383 0.329568827263 -0.132781796344 9.13900017738
-4.635 -6.789 -0.174 0.402402625986 -0.0707333428006 9.19400000572
-4.628 -6.783 -0.19 0.466346937228 -0.0896877672121 9.24700021744
-4.633 -6.798 -0.256 0.434596620658 -0.113752624063 9.30599999428
-4.611 -6.802 -0.224 0.470904803171 -0.107283051742 9.3630001545
-4.607 -6.795 -0.126 0.473510250105 -0.0599800423576 9.43099999428
-4.606 -6.789 -0.161 0.481553697888 -0.0782070509546 9.48200011253
-4.599 -6.788 -0.112 0.489054535735 -0.0550042918453 9.54000020027
-4.606 -6.776 0.129 0.524714633662 0.0680661703225 9.59900021553
-4.596 -6.78 0.152 0.507185060573 0.0776913800379 9.66100001335
-4.58 -6.779 0.127 0.517516257239 0.0660802165371 9.72000002861
-4.585 -6.776 0.091 0.554265120033 0.0505778146866 9.78000020981
-4.582 -6.805 -0.047 0.589751019918 -0.0277387258932 9.84000015259
-4.62 -6.788 0.04 0.542700549931 0.0217196070235 9.89800000191
-4.626 -6.758 0.028 0.563392078138 0.0157791020087 9.95500016212
-4.612 -6.758 0.017 0.562912649326 0.00957043700841 10.0140001774
-4.612 -6.756 0.078 0.505006865112 0.0394706143703 10.0830001831
-4.605 -6.753 0.105 0.521821187092 0.0549934743634 10.1360001564
-4.596 -6.75 0.212 0.433183804992 0.0932359689657 10.1940000057
-4.59 -6.748 0.243 0.431439840307 0.106953378614 10.2570002079
-4.585 -6.74 0.182 0.356953429678 0.0656924633841 10.3180000782
-4.563 -6.744 0.015 0.421925528928 0.00632935764286 10.3760001659
-4.435 -6.592 1.068 0.380638061708 0.692146050205 10.4270000458
-4.422 -6.565 0.959 0.423084446511 0.603031409162 10.4790000916
-4.39 -6.531 0.789 0.535016057316 0.53888408689 10.5430002213
-4.342 -6.498 0.608 0.632909514939 0.440470869769 10.5990002155
-4.293 -6.465 0.387 0.694100706702 0.282882357137 10.6579999924
-4.244 -6.457 0.3 0.699073207937 0.216248684346 10.7150001526
-4.122 -6.421 0.169 0.754041263214 0.128660200106 10.7730000019
-4.055 -6.415 0.084 0.772584286087 0.0650501500028 10.8330001831
-4.003 -6.415 0.063 0.867914770153 0.0547510853793 10.8900001049
-3.963 -6.41 0.047 0.837044632499 0.0393700915082 10.9460000992
-3.929 -6.398 0.118 0.838880636658 0.0994499244133 10.9970002174
-3.884 -6.363 0.173 0.85549926651 0.149495777098 11.0570001602
-3.806 -6.358 0.069 0.885179641655 0.0611745100501 11.1260001659
-3.78 -6.35 0.034 0.74636339407 0.0253861382776 11.1760001183
-3.752 -6.343 0.051 0.681214119906 0.0347720727311 11.2350001335
-3.721 -6.34 0.033 0.683552636631 0.0225654288543 11.2940001488
-3.721 -6.348 0.071 0.663886153052 0.0472152809526 11.3470001221
-3.729 -6.371 0.154 0.629614536168 0.0977344865999 11.4000000954
-3.725 -6.369 0.145 0.569515071654 0.083163340382 11.4580001831
-3.691 -6.362 0.225 0.572747101167 0.131087704815 11.5170001984
-3.668 -6.377 0.155 0.608532109988 0.095085173235 11.5640001297
-3.661 -6.385 0.13 0.595548929917 0.0778604698378 11.623000145
-3.662 -6.374 0.125 0.498460264063 0.0626340925581 11.6780002117
-3.658 -6.353 0.178 0.483836550618 0.0870441560466 11.737000227
-3.647 -6.39 0.023 0.392741097078 0.00903463839688 11.7890000343
-3.656 -6.375 -0.143 0.375618491582 -0.0540825928185 11.8410000801
-3.63 -6.375 -0.009 0.412083310063 -0.00370884993005 11.8920001984
-3.645 -6.408 -0.418 0.297958762023 -0.132346080316 11.9560000896
