6.533 -1.436 2.203 -0.496337120862 0.677597658504 0.412000179291
6.502 -1.388 2.23 -0.544197652038 0.702344839472 0.47000002861
6.256 -0.913 2.003 -0.43155087669 0.935528691231 0.992000102997
6.251 -0.865 1.953 -0.382396113872 0.951304626685 1.04400014877
6.001 -0.389 2.149 -0.545352032336 0.835655270953 1.71400022507
5.983 -0.369 2.146 -0.532881871827 0.821923981511 1.75900006294
5.588 -0.024 2.352 -0.673496311645 0.679170090879 2.31600022316
5.568 0.005 2.306 -0.592644180333 0.655338706637 2.37400007248
5.291 0.455 2.292 -0.515217659682 0.586007515167 3.12900018692
5.239 0.477 2.36 -0.578226117907 0.573841890638 3.17900013924
4.757 0.631 2.665 -0.898286759579 0.463774349026 3.67000007629
4.71 0.648 2.597 -0.833197105869 0.504658961842 3.72300004959
4.219 0.95 2.562 -0.754845392993 0.494111532856 4.37700009346
4.171 0.949 2.674 -0.782553986703 0.395143653448 4.42800021172
3.679 1.13 2.702 -0.856856377046 0.402964982694 5.02500009537
3.657 1.139 2.648 -0.770643128093 0.41461509708 5.09400010109
3.122 1.247 2.859 -0.98611880788 0.286332868963 5.58600020409
3.067 1.251 2.896 -1.0074758878 0.252526314806 5.64200019836
2.561 1.384 2.807 -0.999777318179 0.347587048999 6.08800005913
2.485 1.4 2.815 -1.03422585355 0.35031523929 6.14500021935
1.985 1.601 2.757 -0.814042176761 0.329481835164 6.70700001717
1.947 1.588 2.81 -0.744007191562 0.256165655951 6.76300001144
1.423 1.69 2.931 -0.876798439492 0.187426276049 7.34200000763
1.379 1.702 2.858 -0.813624747555 0.237129375536 7.39900016785
0.83 1.761 2.83 -0.762760296727 0.245673252188 7.97300004959
0.783 1.768 2.882 -0.758488546421 0.20144349589 8.02800011635
0.264 1.853 3.017 -0.706190111176 0.0884442238125 8.60500001907
0.251 1.841 3.068 -0.691983911654 0.051017066318 8.66600012779
-0.263 1.929 2.819 -0.770029924167 0.2573973345 9.19400000572
-0.307 1.956 2.776 -0.720366522265 0.275757315858 9.24700021744
-0.855 2.085 2.817 -1.1355474505 0.382105158577 9.72000002861
-0.936 2.049 3.005 -1.25726141341 0.172808741299 9.78000020981
-1.484 2.093 3.069 -1.1829173359 0.0860222651549 10.1360001564
-1.511 2.077 3.101 -1.09983624244 0.0446698093846 10.1940000057
-1.948 2.357 2.833 -0.694900739144 0.221517990359 11.0570001602
-1.989 2.38 2.784 -0.666898590846 0.249191271685 11.1260001659
-2.512 2.403 -2.936 -0.770663794501 -0.160713586527 11.7890000343
-2.554 2.366 -2.888 -0.819383112411 -0.212361442168 11.8410000801
