-22.707 1.195 0.515 1.16997715093 0.662138731767 0.0190000534058
-23.13 0.914 -1.885 -0.184985546828 -0.569240957241 1.71400022507
-23.169 0.942 -1.876 -0.188126473329 -0.597137611505 1.75900006294
-22.861 1.428 1.003 0.665631582227 1.04353229909 2.37400007248
-22.879 1.383 1.196 0.328888602932 0.836034120154 2.42500019073
-22.765 1.909 1.29 0.370354036656 1.28409360903 3.61200022697
-22.735 1.988 1.282 0.37465968584 1.26104565557 3.67000007629
-22.475 2.437 1.273 0.156655037137 0.510404428425 4.79400014877
-22.472 2.464 1.322 0.117509226108 0.462525194709 4.85199999809
-21.946 2.477 0.057 0.862230408005 0.0492004288656 5.14100003242
-21.86 2.445 0.011 0.998221604548 0.0109808805491 5.1970000267
-21.987 1.957 -2.535 -0.247726567299 -0.171887332911 7.06300020218
-22.183 1.478 -2.359 -0.660021042956 -0.656328003108 9.72000002861
