-13.279 7.242 1.115 0.428663321097 0.874423237403 0.0190000534058
-13.25 7.293 1.094 0.457880535779 0.886428054474 0.0710000991821
-13.217 7.351 1.098 0.471469306998 0.921758860076 0.128000020981
-13.185 7.416 1.158 0.428547533568 0.978508781829 0.184000015259
-13.16 7.464 1.177 0.420914758325 1.01303276266 0.241000175476
-13.126 7.501 1.133 0.458198959681 0.978866789583 0.297000169754
-13.085 7.539 1.07 0.534099794856 0.975815384965 0.357000112534
-13.044 7.568 1.05 0.544449206598 0.94914663737 0.412000179291
-13.003 7.591 1.012 0.550195136222 0.879926454267 0.47000002861
-12.985 7.632 1.027 0.531213040016 0.878616335221 0.529000043869
-12.953 7.682 1.034 0.529908946628 0.89047882713 0.589000225067
-12.919 7.743 0.999 0.614079910663 0.95427252441 0.644000053406
-12.846 7.814 0.958 0.761326986182 1.08283110379 0.705000162125
-12.779 7.881 0.972 0.784902699899 1.15025763123 0.764000177383
-12.727 7.945 0.966 0.791493269719 1.14509813216 0.819000005722
-12.673 8.028 0.934 0.85301187268 1.15337954027 0.881000041962
-12.606 8.093 0.9 0.881144562223 1.11038156094 0.936000108719
-12.54 8.143 0.85 0.948647894198 1.0798769313 0.992000102997
-12.49 8.192 0.869 0.903547879972 1.06882730842 1.04400014877
-12.427 8.231 0.877 0.892915131699 1.07355271833 1.09400010109
-12.385 8.258 0.841 0.883586497638 0.987743224971 1.15799999237
-12.319 8.301 0.807 0.940837503364 0.982389195686 1.21800017357
-12.254 8.323 0.739 1.04516076746 0.952410559837 1.26900005341
-12.199 8.365 0.747 1.01400599798 0.938978117016 1.32700014114
-12.161 8.411 0.86 0.898735874583 1.0439319196 1.375
-12.129 8.48 0.88 0.913647343282 1.10520641057 1.43200016022
-12.091 8.56 0.904 0.88716239519 1.1271954599 1.49300003052
-12.067 8.629 0.943 0.818664369618 1.12803312324 1.55400013924
-12.023 8.67 0.895 0.853807538102 1.06495340723 1.60900020599
-11.965 8.689 0.861 0.860558806984 1.00161110984 1.66100001335
-11.91 8.714 0.868 0.81656281521 0.96397382972 1.71400022507
-11.86 8.708 0.775 0.867467165656 0.849612051872 1.75900006294
-11.802 8.675 0.664 0.91786787419 0.718263059427 1.81300020218
-11.763 8.687 0.7 0.855285540773 0.720397072971 1.86100006104
-11.712 8.719 0.694 0.847750775687 0.70539912251 1.92000007629
-11.661 8.723 0.638 0.869829753592 0.644926354448 1.98000001907
-11.626 8.737 0.65 0.845136093964 0.642476176498 2.03600001335
-11.598 8.769 0.637 0.845770897837 0.625778414143 2.09500002861
-11.58 8.835 0.71 0.786862632014 0.676330987804 2.14900016785
-11.542 8.896 0.74 0.765964697045 0.69939434773 2.20200014114
-11.512 8.956 0.804 0.727528350254 0.755111353334 2.25800013542
-11.466 8.999 0.742 0.781318343896 0.716284305887 2.31600022316
-11.445 9.038 0.76 0.727858576906 0.691794247537 2.37400007248
-11.434 9.052 0.789 0.649132881992 0.653825947089 2.42500019073
-11.421 9.07 0.7 0.642720600083 0.541356093334 2.47699999809
-11.389 9.131 0.765 0.61479955689 0.5902160421 2.53600001335
-11.368 9.18 0.761 0.654289740533 0.623117172334 2.58800005913
-11.342 9.213 0.77 0.612739628156 0.594154210709 2.63700008392
-11.294 9.263 0.778 0.571884335172 0.563484537486 2.69600009918
-11.234 9.313 0.742 0.602459486678 0.552312995864 2.7570002079
-11.177 9.335 0.696 0.640541156791 0.535155165754 2.81300020218
-11.116 9.362 0.667 0.661294420117 0.520691811354 2.86600017548
-11.082 9.406 0.781 0.607706018127 0.602383811015 2.91300010681
-11.062 9.434 0.731 0.577405506148 0.517771077201 2.96700000763
-10.994 9.466 0.702 0.655387415163 0.554269692159 3.02600002289
-10.938 9.481 0.693 0.709565767934 0.589217863736 3.08000016212
-10.912 9.51 0.697 0.734838434116 0.615186853778 3.12900018692
-10.92 9.538 0.625 0.714657194248 0.515614046292 3.17900013924
-10.901 9.58 0.655 0.639448026243 0.491175453604 3.23100018501
-10.865 9.624 0.721 0.645085660191 0.566926244074 3.28000020981
-10.809 9.676 0.698 0.721682112837 0.605401245651 3.33800005913
-10.769 9.705 0.63 0.804837415709 0.586818814438 3.38800001144
-10.703 9.743 0.604 0.857113465178 0.591429826888 3.44500017166
-10.664 9.773 0.578 0.861750696332 0.56213178025 3.5
-10.64 9.821 0.612 0.831736618314 0.583795939517 3.5600001812
-10.62 9.868 0.679 0.797564323223 0.643641409672 3.61200022697
-10.579 9.916 0.697 0.797570302309 0.66770427643 3.67000007629
-10.537 9.953 0.714 0.843000398849 0.730466468047 3.72300004959
-10.53 9.988 0.736 0.805858598627 0.729931614232 3.77700018883
-10.507 10.025 0.709 0.823187907563 0.706123481653 3.83000016212
-10.469 10.079 0.773 0.801271365544 0.7816451029 3.89100003242
-10.441 10.105 0.755 0.767057100758 0.721785087284 3.94400000572
-10.406 10.14 0.768 0.711528011993 0.687190424409 4.0
-10.385 10.183 0.815 0.652468660301 0.692287545125 4.0490000248
-10.361 10.228 0.923 0.563655499253 0.744853855053 4.10700011253
-10.334 10.255 0.954 0.527647763117 0.744126363129 4.15600013733
-10.323 10.294 0.903 0.548570223663 0.69556054777 4.21200013161
-10.298 10.327 0.814 0.634063646582 0.671412857491 4.26400017738
-10.275 10.365 0.886 0.615804849068 0.754085108874 4.31200003624
-10.243 10.394 0.833 0.620648271033 0.682738793907 4.37700009346
-10.189 10.435 0.761 0.7267116547 0.692088662447 4.42800021172
-10.098 10.45 0.568 0.847024851802 0.540529315052 4.48400020599
-10.073 10.446 0.54 0.767823384683 0.460256082136 4.54600000381
-10.026 10.428 0.528 0.698059543637 0.407131750001 4.6210000515
-9.994 10.416 0.492 0.668297101893 0.358180447487 4.68099999428
-9.978 10.412 0.537 0.615038854363 0.366168907157 4.74000000954
-9.97 10.436 0.6 0.565380481617 0.386797598192 4.79400014877
-9.937 10.459 0.631 0.545536575612 0.398594910893 4.85199999809
-9.92 10.471 0.581 0.560789764613 0.368213792254 4.91000008583
-9.905 10.483 0.558 0.589503124372 0.367948331231 4.96400022507
-9.845 10.506 0.541 0.645498885985 0.387809117429 5.02500009537
-9.775 10.502 0.48 0.713669905904 0.371544292186 5.09400010109
-9.74 10.494 0.438 0.712371679302 0.333631834381 5.14100003242
-9.724 10.508 0.442 0.697766753769 0.330201440856 5.1970000267
-9.715 10.525 0.435 0.713668634748 0.331632286639 5.24500012398
-9.691 10.547 0.489 0.70158564855 0.373316760104 5.30000019073
-9.681 10.564 0.498 0.671076031283 0.364869693936 5.35700011253
-9.681 10.578 0.589 0.616144819275 0.411651473615 5.41600012779
-9.659 10.583 0.562 0.621759178764 0.391546108012 5.47600007057
-9.651 10.598 0.618 0.524493831932 0.372859505263 5.52500009537
-9.646 10.621 0.729 0.462196859444 0.412796455558 5.58600020409
-9.641 10.623 0.805 0.394859925702 0.410651450671 5.64200019836
-9.64 10.638 0.946 0.313234643438 0.434339422786 5.70100021362
-9.645 10.645 1.087 0.23285345798 0.443154188001 5.75300002098
-9.648 10.659 1.076 0.236136508526 0.437642463659 5.80599999428
-9.629 10.659 1.042 0.259038722861 0.44333076309 5.85500001907
-9.609 10.682 0.98 0.306272163069 0.456639013197 5.91200017929
-9.6 10.714 1.02 0.301924060252 0.491571744674 5.97100019455
-9.583 10.734 0.97 0.352758213435 0.514745182837 6.02800011635
-9.581 10.769 1.107 0.287509217482 0.574804709848 6.08800005913
-9.555 10.788 1.075 0.298727023231 0.552321922752 6.14500021935
-9.544 10.8 1.082 0.292059579697 0.549146215746 6.20100021362
-9.507 10.833 0.966 0.345050461124 0.499204040831 6.25100016594
-9.458 10.87 0.955 0.342770365178 0.484425062993 6.31100010872
-9.42 10.907 1.001 0.345387468817 0.539094089098 6.36400008202
-9.381 10.95 0.974 0.393369856518 0.578958511715 6.42200016975
-9.342 10.983 0.972 0.431010270919 0.631636065629 6.48000001907
-9.296 11.019 0.941 0.424024495351 0.581809618554 6.53900003433
-9.259 11.042 0.902 0.423537718688 0.535922308818 6.59500002861
-9.237 11.06 0.887 0.438672957019 0.538275701963 6.65600013733
-9.21 11.077 0.955 0.392861751878 0.555217423192 6.70700001717
-9.185 11.114 0.899 0.467906954446 0.588427374745 6.76300001144
-9.158 11.154 0.926 0.443444718978 0.589666937187 6.8180000782
-9.126 11.181 0.9 0.422540619152 0.532468033473 6.87900018692
-9.111 11.232 0.924 0.413028929494 0.546941151567 6.94100022316
-9.107 11.279 0.948 0.413588073753 0.575916478921 7.00100016594
-9.089 11.327 0.989 0.380550333042 0.57857358138 7.06300020218
-9.048 11.388 0.996 0.397672171526 0.613922483774 7.12400007248
-9.015 11.431 1.0 0.428461889763 0.667289856837 7.1740000248
-8.99 11.459 0.91 0.499824104706 0.64295842404 7.22600007057
-8.936 11.496 0.813 0.570341561867 0.602728680263 7.28299999237
-8.883 11.53 0.866 0.55872993975 0.65692685257 7.34200000763
-8.831 11.568 0.856 0.544846260947 0.627773179243 7.39900016785
-8.789 11.61 0.851 0.525511692467 0.599414996513 7.46600008011
-8.761 11.629 0.767 0.557730378778 0.537576470364 7.52600002289
-8.727 11.656 0.799 0.541375160294 0.556306568644 7.57800006866
-8.685 11.698 0.853 0.544484936766 0.623567964921 7.63300013542
-8.654 11.746 0.941 0.509288798956 0.698801897303 7.69600009918
-8.614 11.792 0.921 0.51428634504 0.676796687331 7.75200009346
-8.59 11.85 0.955 0.496534437391 0.701734311209 7.80800008774
-8.56 11.888 0.914 0.513417733864 0.665925054927 7.875
-8.544 11.899 0.87 0.520812860848 0.617332431528 7.92300009727
-8.514 11.962 0.895 0.500234903694 0.623942564721 7.97300004959
-8.489 12.009 0.94 0.496226411892 0.679450313589 8.02800011635
-8.449 12.041 0.868 0.541329805946 0.639054040253 8.08900022507
-8.398 12.069 0.869 0.531016306901 0.628151249771 8.14500021935
-8.372 12.103 0.866 0.557877979264 0.655925159838 8.20399999619
-8.317 12.155 0.861 0.580478774282 0.67562377449 8.25500011444
-8.276 12.199 0.856 0.592733776891 0.6829492909 8.31300020218
-8.255 12.252 0.908 0.564273211889 0.722875462006 8.37400007248
-8.221 12.291 0.877 0.5670217664 0.681730812997 8.42900013924
-8.178 12.323 0.806 0.639268507918 0.666166675892 8.48500013351
-8.124 12.357 0.738 0.710781591269 0.646405213111 8.54700016975
-8.081 12.401 0.722 0.712852363821 0.627746786866 8.60500001907
-8.043 12.455 0.774 0.683514931924 0.668108242917 8.66600012779
-8.008 12.499 0.758 0.697949668739 0.660715423333 8.72500014305
-7.956 12.548 0.731 0.722562811686 0.647936539171 8.78100013733
-7.909 12.57 0.662 0.784220346811 0.611154347745 8.83900022507
-7.88 12.583 0.66 0.71832571624 0.557496117396 8.89700007439
-7.822 12.598 0.615 0.779865088382 0.55088692058 8.95900011063
-7.789 12.601 0.57 0.801113398619 0.513488494869 9.0110001564
-7.729 12.629 0.467 0.857233696252 0.432215121174 9.06700015068
-7.674 12.651 0.529 0.810614734055 0.473864702858 9.13900017738
-7.632 12.685 0.563 0.803991339551 0.50742837659 9.19400000572
-7.601 12.715 0.614 0.778172776887 0.548525848011 9.24700021744
-7.574 12.74 0.673 0.697548595145 0.556050041508 9.30599999428
-7.535 12.781 0.769 0.652788562803 0.631723043394 9.3630001545
-7.494 12.837 0.827 0.649364560786 0.7057733322 9.43099999428
-7.469 12.888 0.822 0.692420971302 0.745058882364 9.48200011253
-7.445 12.933 0.802 0.688058562726 0.711292494961 9.54000020027
-7.415 13.003 0.87 0.662220743352 0.784946710102 9.59900021553
-7.352 13.054 0.735 0.769661275947 0.695744903369 9.66100001335
-7.295 13.082 0.68 0.799620015618 0.646621821421 9.72000002861
-7.227 13.131 0.691 0.828818591303 0.685448452533 9.78000020981
-7.173 13.148 0.638 0.784473116219 0.581639550632 9.84000015259
-7.14 13.196 0.65 0.756558237951 0.575138900691 9.89800000191
-7.088 13.233 0.632 0.757287796328 0.554472813859 9.95500016212
-7.039 13.274 0.676 0.71704638466 0.575119197977 10.0140001774
-6.978 13.311 0.624 0.703258929012 0.506321812675 10.0830001831
-6.949 13.33 0.543 0.669220208642 0.403884387104 10.1360001564
-6.905 13.355 0.497 0.683618465334 0.370803893073 10.1940000057
-6.87 13.379 0.533 0.648216345749 0.382417837057 10.2570002079
-6.83 13.403 0.513 0.61389936281 0.345811963278 10.3180000782
-6.792 13.425 0.453 0.596801152569 0.290499211353 10.3760001659
-6.762 13.449 0.486 0.58851578035 0.310889962051 10.4270000458
-6.733 13.466 0.467 0.586873597687 0.295900224463 10.4790000916
-6.698 13.486 0.438 0.568697058906 0.266343326781 10.5430002213
