-4.169 -2.972 -0.369 0.655630579364 -0.253540979354 0.0190000534058
-4.158 -2.993 -0.431 0.687172423904 -0.315983809881 0.0710000991821
-4.143 -3.023 -0.478 0.732556144551 -0.379516397359 0.128000020981
-4.167 -2.995 -0.648 0.586159138826 -0.443753748085 0.184000015259
-4.166 -3.008 -0.691 0.590228769018 -0.488130214029 0.241000175476
-4.168 -2.993 -0.771 0.481682474716 -0.468007734931 0.297000169754
-4.172 -2.989 -0.81 0.442384952576 -0.464705548225 0.357000112534
-4.164 -3.04 -0.888 0.423313727294 -0.520491072436 0.412000179291
-4.155 -3.078 -0.895 0.441802688979 -0.551060113612 0.47000002861
-4.148 -3.124 -1.004 0.358077338493 -0.562609598819 0.529000043869
-4.128 -3.168 -0.966 0.376665454894 -0.544943242539 0.589000225067
-4.113 -3.206 -0.954 0.392036651246 -0.55287793846 0.644000053406
-4.077 -3.248 -0.949 0.425315435608 -0.593498446361 0.705000162125
-4.048 -3.273 -0.92 0.446414333747 -0.586259739366 0.764000177383
-4.021 -3.313 -0.877 0.506581239788 -0.609063109945 0.819000005722
-3.988 -3.328 -0.765 0.557081754472 -0.534806156845 0.881000041962
-3.948 -3.367 -0.802 0.545546165797 -0.563967828332 0.936000108719
-3.991 -2.843 0.646 0.382087761878 0.288060494145 0.992000102997
-3.97 -2.846 0.609 0.372289051353 0.259646079431 1.04400014877
-3.954 -2.837 0.424 0.395975155112 0.178734816303 1.09400010109
-3.925 -2.83 0.536 0.385186360359 0.228802753659 1.15799999237
-3.897 -2.816 0.535 0.379301041334 0.224794012695 1.21800017357
-3.876 -2.811 0.436 0.384092006034 0.178949675019 1.26900005341
-3.855 -2.805 0.517 0.399207007747 0.226983183498 1.32700014114
-3.837 -2.795 0.602 0.329414005497 0.226332760791 1.375
-3.828 -2.784 0.498 0.328806644788 0.178774943904 1.43200016022
-3.804 -2.772 0.492 0.335397921049 0.179759836018 1.49300003052
