-28.216 -0.02 0.813 1.58614575299 1.67621579826 3.28000020981
-28.217 -0.022 0.775 1.64107583912 1.60729750491 3.33800005913
-27.741 0.356 0.645 1.73403770417 1.30459399839 3.61200022697
-27.556 0.438 0.502 2.04190938643 1.12080860876 3.67000007629
-27.006 0.643 0.463 2.0730253109 1.03483506112 3.89100003242
-26.841 0.591 0.17 2.44342035956 0.419429774148 3.94400000572
-26.344 0.507 0.246 2.22413150447 0.558447055116 4.21200013161
-26.287 0.539 0.306 2.0566236632 0.64973407317 4.26400017738
-25.739 0.635 0.14 1.43299503978 0.20194037653 4.68099999428
-25.686 0.583 -0.155 1.28581401433 -0.200912731299 4.74000000954
-25.297 0.238 -0.437 1.05848864595 -0.494442044242 5.1970000267
-25.229 0.185 -0.466 1.11683379516 -0.561704808078 5.24500012398
-24.7 0.037 -0.336 1.10071922284 -0.384418146711 5.70100021362
-24.649 0.017 -0.361 1.06335998507 -0.401466204115 5.75300002098
-24.161 -0.168 -0.425 1.08340270604 -0.490329812045 6.20100021362
-24.071 -0.213 -0.373 1.23005777788 -0.481344372082 6.25100016594
-23.567 -0.403 -0.346 1.06567133424 -0.384176750215 6.70700001717
