29.219 -18.592 2.56 -1.00692291353 0.661998571245 4.10700011253
29.215 -18.59 2.545 -0.992642004527 0.674149135413 4.15600013733
29.16 -18.538 2.424 -0.842431928699 0.735289475294 4.21200013161
29.1 -18.515 2.526 -0.927534613079 0.656023167728 4.26400017738
29.044 -18.5 2.53 -0.979315472437 0.686786254328 4.31200003624
28.97 -18.465 2.54 -1.01722453432 0.698301699202 4.37700009346
28.897 -18.449 2.625 -1.16979148659 0.664495673735 4.42800021172
28.815 -18.436 2.67 -1.21588167143 0.620064545136 4.48400020599
28.716 -18.403 2.664 -1.23370169803 0.638508291383 4.54600000381
28.618 -18.339 2.57 -1.20258104687 0.773521571667 4.6210000515
28.544 -18.306 2.566 -1.21427752895 0.787929345141 4.68099999428
28.379 -18.341 2.653 -1.3066338003 0.694582696367 4.74000000954
28.27 -18.32 2.646 -1.30480545802 0.705369343566 4.79400014877
28.193 -18.311 2.673 -1.25946391583 0.63753644984 4.85199999809
28.146 -18.278 2.566 -1.07976642634 0.700646790313 4.91000008583
28.1 -18.248 2.54 -1.03196955946 0.708423826383 4.96400022507
28.056 -18.208 2.448 -0.890868026297 0.740662323023 5.02500009537
28.014 -18.176 2.435 -0.810812420581 0.692126740447 5.09400010109
27.977 -18.166 2.544 -0.79822700882 0.54328010628 5.14100003242
27.945 -18.164 2.64 -0.832700798239 0.456630025115 5.1970000267
27.883 -18.162 2.724 -0.888743662645 0.394325080527 5.24500012398
27.834 -18.147 2.805 -0.835238612704 0.29225648168 5.30000019073
27.682 -18.108 2.849 -1.04168261745 0.313794918529 5.35700011253
27.575 -18.071 2.858 -1.08922525472 0.317452615896 5.41600012779
27.478 -18.031 2.878 -1.12362471894 0.30323500179 5.47600007057
27.417 -18.006 2.83 -1.04511604532 0.336615656149 5.52500009537
27.342 -17.996 2.83 -1.10329575952 0.355354439042 5.58600020409
27.296 -17.977 2.848 -1.15172795651 0.348201432445 5.64200019836
27.251 -17.978 2.822 -1.02053820611 0.337734245689 5.70100021362
27.227 -17.963 2.807 -0.95934893929 0.333531538178 5.75300002098
27.198 -17.916 2.713 -0.903469359862 0.412812102245 5.80599999428
27.185 -17.898 2.661 -0.784317219913 0.408915045877 5.85500001907
27.12 -17.874 2.643 -0.756834826891 0.412078799277 5.91200017929
27.057 -17.852 2.65 -0.788835340961 0.422370568193 5.97100019455
27.005 -17.82 2.639 -0.762083365049 0.418897178423 6.02800011635
26.979 -17.803 2.648 -0.735651041841 0.395788941744 6.08800005913
26.883 -17.789 2.65 -0.755919706513 0.404746363873 6.14500021935
26.83 -17.784 2.682 -0.781546774239 0.386819959286 6.20100021362
26.799 -17.772 2.636 -0.694151562303 0.384272990564 6.25100016594
26.756 -17.747 2.629 -0.702090616303 0.39511379178 6.31100010872
26.698 -17.757 2.772 -0.760426485328 0.294585120909 6.36400008202
26.619 -17.745 2.837 -0.786188910323 0.24715858201 6.42200016975
26.559 -17.741 2.868 -0.773063258354 0.21694461485 6.48000001907
26.538 -17.735 2.804 -0.719118931524 0.252432750187 6.53900003433
26.511 -17.745 2.943 -0.70039684702 0.140951556947 6.59500002861
26.455 -17.764 3.089 -0.768800527021 0.0404705803823 6.65600013733
26.413 -17.774 3.123 -0.822371837992 0.0152918368083 6.70700001717
26.318 -17.779 3.127 -0.982168416529 0.0143334608992 6.76300001144
26.236 -17.741 3.005 -1.0789399654 0.148298719239 6.8180000782
26.141 -17.716 2.947 -1.18192681486 0.232941941002 6.87900018692
26.063 -17.675 2.777 -1.1719340613 0.44727485169 6.94100022316
26.007 -17.643 2.703 -1.14857616711 0.538753895636 7.00100016594
25.905 -17.611 2.726 -1.21547200788 0.536383671489 7.06300020218
25.815 -17.58 2.705 -1.19929379497 0.559620043044 7.12400007248
25.75 -17.553 2.714 -1.2153951592 0.553868384096 7.1740000248
25.684 -17.521 2.68 -1.2118959712 0.602838186244 7.22600007057
25.607 -17.502 2.651 -1.22825460406 0.656071770199 7.28299999237
25.537 -17.508 2.736 -1.26223617644 0.542005824784 7.34200000763
25.444 -17.441 2.639 -1.28160376176 0.704463874006 7.39900016785
25.316 -17.424 2.674 -1.34647599824 0.679891041723 7.46600008011
25.205 -17.367 2.642 -1.35722000552 0.740734970563 7.52600002289
25.136 -17.342 2.734 -1.37954494835 0.595649000264 7.57800006866
25.057 -17.294 2.622 -1.32838018994 0.759861458625 7.63300013542
24.986 -17.229 2.581 -1.36240232783 0.855282730928 7.69600009918
24.971 -17.267 2.651 -1.28646927185 0.687167114784 7.75200009346
24.939 -17.297 2.635 -1.22991665419 0.682473081512 7.80800008774
24.824 -17.223 2.654 -1.27473235257 0.67599039155 7.875
24.761 -17.176 2.625 -1.30495724745 0.741276078074 7.92300009727
24.695 -17.163 2.64 -1.3252400959 0.726724916746 7.97300004959
24.632 -17.124 2.635 -1.34711898593 0.747507924508 8.02800011635
24.548 -17.076 2.595 -1.37863348647 0.838797570945 8.08900022507
24.498 -17.045 2.603 -1.32223587512 0.790060008099 8.14500021935
24.435 -17.031 2.646 -1.30454419097 0.705228104299 8.20399999619
24.378 -17.009 2.637 -1.33081237826 0.734982186146 8.25500011444
24.312 -16.982 2.649 -1.3309391479 0.714345701511 8.31300020218
24.237 -16.936 2.548 -1.28302544095 0.865748965396 8.37400007248
24.172 -16.858 2.485 -1.29821378187 1.00048087267 8.42900013924
24.094 -16.813 2.463 -1.26129397816 1.01702719858 8.48500013351
24.013 -16.779 2.473 -1.25514370895 0.991520897335 8.54700016975
23.922 -16.744 2.555 -1.32736611795 0.88220997576 8.60500001907
23.869 -16.728 2.583 -1.2847304116 0.802944605555 8.66600012779
23.839 -16.725 2.617 -1.19285689234 0.690277894943 8.72500014305
23.778 -16.684 2.564 -1.15822849469 0.754855929365 8.78100013733
23.722 -16.648 2.526 -1.13196984379 0.800615343326 8.83900022507
23.624 -16.602 2.55 -1.20029061409 0.806432962697 8.89700007439
23.569 -16.567 2.547 -1.13474692258 0.767347382888 8.95900011063
23.585 -16.613 2.534 -0.978655733226 0.680500013133 9.0110001564
23.554 -16.622 2.481 -0.877965282182 0.682227296378 9.06700015068
23.493 -16.561 2.466 -0.873555460686 0.700065388878 9.13900017738
23.436 -16.518 2.448 -0.850166512329 0.706823328923 9.19400000572
23.391 -16.489 2.45 -0.879272122452 0.728052413251 9.24700021744
23.343 -16.466 2.496 -0.904668670154 0.681462644219 9.30599999428
23.29 -16.446 2.511 -0.942705042752 0.688196207786 9.3630001545
23.196 -16.427 2.58 -0.98995715219 0.622851762807 9.43099999428
23.124 -16.409 2.605 -1.00176762427 0.595858781941 9.48200011253
23.071 -16.403 2.601 -0.93683800369 0.562323439728 9.54000020027
22.98 -16.406 2.591 -0.94770268917 0.581814526416 9.59900021553
22.904 -16.383 2.603 -0.964478580496 0.576293511208 9.66100001335
22.853 -16.359 2.637 -0.927858752918 0.512438617039 9.72000002861
22.793 -16.325 2.643 -0.974445687234 0.530562805104 9.78000020981
22.8 -16.31 2.61 -0.840732690437 0.494399939483 9.84000015259
22.764 -16.31 2.645 -0.797902476107 0.432372529265 9.89800000191
22.696 -16.27 2.739 -0.88170066065 0.375474589565 9.95500016212
22.631 -16.235 2.686 -0.868941127884 0.425756369151 10.0140001774
22.536 -16.203 2.686 -0.942498138411 0.461797206352 10.0830001831
22.451 -16.195 2.688 -0.899311873618 0.438408925883 10.1360001564
22.39 -16.176 2.723 -0.922960233206 0.410611713482 10.1940000057
22.33 -16.15 2.68 -0.886196573067 0.440824251799 10.2570002079
22.271 -16.103 2.627 -0.870051071803 0.491930269975 10.3180000782
22.232 -16.052 2.521 -0.796103996058 0.569058396024 10.3760001659
22.217 -15.992 2.425 -0.69149605138 0.60233275102 10.4270000458
22.173 -15.956 2.441 -0.699695946712 0.590054989908 10.4790000916
22.117 -15.894 2.319 -0.709449990471 0.764290300861 10.5430002213
22.061 -15.977 2.605 -0.785961776402 0.467495869693 10.5990002155
22.082 -16.05 2.68 -0.455019348293 0.226342066604 10.6579999924
22.056 -16.033 2.56 -0.413888011033 0.272109481548 10.7150001526
22.028 -16.012 2.555 -0.391989666263 0.260528869388 10.7730000019
21.977 -15.982 2.553 -0.46787321266 0.312314397844 10.8330001831
21.928 -15.957 2.544 -0.476258382907 0.324145515027 10.8900001049
21.911 -15.943 2.473 -0.402184350293 0.317711975971 10.9460000992
21.889 -15.93 2.501 -0.383009642206 0.285520442807 10.9970002174
21.804 -15.849 2.399 -0.499747419435 0.458695696969 11.0570001602
21.736 -15.804 2.419 -0.619773127903 0.546432530191 11.1260001659
21.689 -15.768 2.427 -0.659984681008 0.572567088698 11.1760001183
21.622 -15.695 2.379 -0.699398006233 0.668203742986 11.2350001335
21.572 -15.658 2.348 -0.712119428669 0.723887032933 11.2940001488
21.501 -15.536 2.206 -0.731929428252 0.992964848946 11.3470001221
21.455 -15.509 2.182 -0.683422950539 0.975326420627 11.4000000954
21.41 -15.453 2.096 -0.622855292884 1.07482961776 11.4580001831
21.32 -15.388 2.196 -0.763423925053 1.05767536854 11.5170001984
21.241 -15.36 2.247 -0.805329014303 1.00364820188 11.5640001297
21.149 -15.314 2.28 -0.826704795016 0.963362632762 11.623000145
21.079 -15.262 2.343 -0.890191595859 0.913998343882 11.6780002117
21.004 -15.212 2.33 -0.889423763982 0.937284400118 11.737000227
20.938 -15.154 2.347 -0.96030545658 0.978128874283 11.7890000343
20.861 -15.092 2.378 -1.03860169545 0.994266931673 11.8410000801
20.799 -15.046 2.396 -1.10982030104 1.02480552566 11.8920001984
20.706 -15.0 2.432 -1.15229119749 0.989611444579 11.9560000896
