-7.5 -8.092 0.405 0.535238361887 0.229456431083 0.0190000534058
-7.485 -8.081 0.416 0.537464128306 0.237442712486 0.0710000991821
-7.488 -8.08 0.449 0.505366660138 0.243496935877 0.128000020981
-7.489 -8.076 0.416 0.494072903234 0.218273190956 0.184000015259
-7.468 -8.06 0.366 0.544421262179 0.208659528254 0.241000175476
-7.443 -8.049 0.311 0.56173462185 0.180558622655 0.297000169754
-7.606 -8.058 0.337 0.39541085742 0.138538147519 0.357000112534
-7.603 -8.01 0.568 0.350845145547 0.223891997747 0.412000179291
-7.597 -7.983 0.531 0.394048323246 0.231409251493 0.47000002861
-7.591 -7.965 0.431 0.392461120171 0.180466147459 0.529000043869
-7.574 -7.966 0.289 0.515272787792 0.15320299774 0.589000225067
-7.559 -7.971 0.186 0.515895564055 0.097078676793 0.644000053406
-7.606 -8.019 0.086 0.300934703667 0.0259443776139 0.705000162125
-7.578 -8.016 0.064 0.38744415789 0.0248303370528 0.764000177383
-7.553 -8.018 0.141 0.356305565542 0.0505746882623 0.819000005722
-7.539 -8.014 0.275 0.374864614476 0.105767531944 0.881000041962
-7.543 -8.015 0.397 0.341584800167 0.143213330241 0.936000108719
-7.607 -8.031 0.312 0.378004764575 0.121919442087 0.992000102997
-7.617 -8.054 0.115 0.486179328181 0.0561584062601 1.04400014877
-7.594 -8.066 0.051 0.530053917023 0.0270562115722 1.09400010109
-7.574 -8.07 0.108 0.527939024643 0.0572401375633 1.15799999237
-7.535 -8.072 0.112 0.582021384427 0.0654603357091 1.21800017357
-7.514 -8.064 0.171 0.598382474927 0.103332554507 1.26900005341
-7.503 -8.07 0.135 0.584782402413 0.0794287412216 1.32700014114
-7.496 -8.07 0.174 0.578687934866 0.101720340346 1.375
-7.494 -8.08 0.106 0.611353263983 0.0650472523104 1.43200016022
-7.483 -8.115 -0.143 0.587885520216 -0.0846453886758 1.49300003052
-7.473 -8.138 -0.173 0.549661748651 -0.0960516431428 1.55400013924
-7.473 -8.147 -0.117 0.500453002711 -0.0588216497696 1.60900020599
-7.474 -8.148 -0.092 0.423634832862 -0.0390847379698 1.66100001335
-7.489 -8.157 -0.004 0.389953880348 -0.00155982384046 1.71400022507
-7.477 -8.166 -0.063 0.429449346099 -0.027091159896 1.75900006294
-7.555 -8.192 -0.101 0.250085992136 -0.0253449250652 1.81300020218
-7.59 -8.186 0.095 0.349230151069 0.033277033043 1.86100006104
-7.559 -8.191 0.026 0.495896339813 0.0128962109123 1.92000007629
-7.516 -8.19 0.058 0.595348218778 0.0345689687222 1.98000001907
-7.494 -8.189 0.008 0.647335284718 0.00517879275913 2.03600001335
-7.478 -8.195 -0.033 0.552348109927 -0.018234107089 2.09500002861
-7.483 -8.189 0.033 0.453662868433 0.0149763114541 2.14900016785
-7.598 -8.234 -0.271 0.30962190856 -0.0860238120488 2.20200014114
-7.634 -8.233 -0.185 0.296256003004 -0.0554413012588 2.25800013542
-7.595 -8.257 -0.362 0.367570977106 -0.139194693597 2.31600022316
-7.58 -8.265 -0.244 0.400059284046 -0.099598929159 2.37400007248
-7.559 -8.258 -0.132 0.408956123552 -0.0542979376647 2.42500019073
-7.559 -8.235 -0.004 0.428279573741 -0.00171312743165 2.47699999809
-7.592 -8.174 0.21 0.395980266599 0.0844002019502 2.53600001335
-7.593 -8.157 0.281 0.461528256351 0.133214281332 2.58800005913
-7.639 -8.149 0.294 0.458633894401 0.138862518093 2.63700008392
-7.652 -8.142 0.334 0.476533711049 0.165357348485 2.69600009918
-7.653 -8.141 0.367 0.460146806239 0.176887725219 2.7570002079
-7.667 -8.156 0.352 0.444785580169 0.163368251491 2.81300020218
-7.679 -8.168 0.277 0.502082215974 0.142746519408 2.86600017548
-7.653 -8.154 0.383 0.564512948684 0.227439724832 2.91300010681
-7.631 -8.142 0.397 0.605329190558 0.253791179318 2.96700000763
-7.622 -8.148 0.238 0.617557985753 0.149818310207 3.02600002289
-7.613 -8.159 0.227 0.581698170041 0.134361285969 3.08000016212
-7.656 -8.178 0.264 0.416833068443 0.11267381196 3.12900018692
-7.672 -8.132 0.527 0.409355679593 0.238201685638 3.17900013924
-7.636 -8.132 0.428 0.501169326439 0.228634735769 3.23100018501
-7.611 -8.146 0.366 0.519752089114 0.199204610947 3.28000020981
-7.582 -8.168 0.329 0.534929547132 0.182629187485 3.33800005913
-7.583 -8.183 0.407 0.556018947488 0.239682601529 3.38800001144
-7.57 -8.179 0.406 0.597321839892 0.256778991673 3.44500017166
-7.563 -8.192 0.541 0.601852275956 0.361586681292 3.5
-7.551 -8.18 0.619 0.578459791461 0.412094996702 3.5600001812
-7.539 -8.162 0.616 0.577307730387 0.408668929159 3.61200022697
-7.517 -8.147 0.628 0.579584402591 0.420810715017 3.67000007629
-7.584 -8.193 0.788 0.306780233194 0.30838078526 3.72300004959
-7.594 -8.208 0.788 0.283672238131 0.285152229791 3.77700018883
-7.587 -8.202 0.946 0.172089360415 0.238623648552 3.83000016212
-7.584 -8.189 1.079 0.130675641566 0.243935394163 3.89100003242
-7.555 -8.172 0.998 0.208325163849 0.323024405784 3.94400000572
-7.553 -8.145 1.053 0.222274625488 0.390202326703 4.0
-7.546 -8.126 1.051 0.260906362545 0.455897736515 4.0490000248
-7.544 -8.106 0.986 0.288609337582 0.435935975213 4.10700011253
-7.564 -8.088 1.07 0.263908444597 0.482168169583 4.15600013733
-7.562 -8.057 1.081 0.291143139969 0.54610511626 4.21200013161
-7.57 -8.056 1.127 0.2629047958 0.552987167617 4.26400017738
-7.571 -8.053 1.044 0.298433706589 0.513106324908 4.31200003624
-7.565 -8.039 1.052 0.306145019645 0.536189086457 4.37700009346
-7.562 -8.035 1.004 0.299493749999 0.47056331251 4.42800021172
-7.57 -8.035 1.001 0.293663989857 0.458362087238 4.48400020599
-7.564 -8.035 0.972 0.308251544795 0.451735854375 4.54600000381
-7.545 -8.034 0.932 0.354493643714 0.477320291887 4.6210000515
-7.543 -8.027 0.958 0.306952781531 0.436577220129 4.68099999428
-7.538 -8.017 0.922 0.323927097156 0.427171532208 4.74000000954
-7.524 -8.011 0.887 0.344640292812 0.422892481905 4.79400014877
-7.504 -8.01 0.838 0.367639291761 0.408503526215 4.85199999809
-7.497 -8.027 0.694 0.41698712357 0.346967952729 4.91000008583
-7.471 -8.059 0.57 0.47977747632 0.30752227414 4.96400022507
-7.465 -8.049 0.61 0.452997328967 0.316608377776 5.02500009537
-7.459 -8.046 0.581 0.427921201277 0.280972475339 5.09400010109
-7.46 -8.043 0.558 0.433144951556 0.270354736925 5.14100003242
-7.453 -8.028 0.559 0.495922520132 0.310227973385 5.1970000267
-7.447 -8.023 0.539 0.489897369534 0.292993469052 5.24500012398
-7.44 -8.024 0.629 0.402069874702 0.292539702743 5.30000019073
-7.455 -8.024 0.757 0.32615181434 0.308134406914 5.35700011253
-7.46 -8.019 0.652 0.330620580535 0.252384189463 5.41600012779
-7.455 -8.023 0.584 0.361383085424 0.238838256034 5.47600007057
-7.465 -8.036 0.386 0.438136656145 0.178052910388 5.52500009537
-7.474 -8.041 0.309 0.464652116701 0.148328687226 5.58600020409
-7.453 -8.041 0.271 0.51513917117 0.143123706736 5.64200019836
-7.442 -8.037 0.332 0.544379613656 0.187680886646 5.70100021362
-7.439 -8.027 0.397 0.472265941643 0.198002891899 5.75300002098
-7.454 -8.024 0.263 0.436846846374 0.117615080758 5.80599999428
-7.448 -8.04 0.367 0.442889025823 0.170253560907 5.85500001907
-7.426 -8.036 0.423 0.457565743708 0.205984963126 5.91200017929
-7.434 -8.029 0.574 0.331794697237 0.214547227457 5.97100019455
-7.451 -8.02 0.607 0.311812366099 0.216542066886 6.02800011635
-7.468 -8.017 0.701 0.225266343792 0.190124630124 6.08800005913
-7.58 -8.018 1.573 -0.000611146399005 0.277330326616 6.14500021935
-7.621 -8.006 1.513 0.0169346017575 0.292678484838 6.20100021362
-7.664 -7.999 1.768 -0.0669854222152 0.335261625831 6.25100016594
-7.756 -7.977 2.196 -0.316369460383 0.438309796989 6.31100010872
-7.83 -7.958 2.332 -0.441219457744 0.463103357478 6.36400008202
-7.899 -7.934 2.433 -0.547970520164 0.46965706173 6.42200016975
-7.954 -7.918 2.437 -0.555400355518 0.472184628267 6.48000001907
-7.982 -7.906 2.422 -0.521147605528 0.456706380579 6.53900003433
-7.984 -7.898 2.364 -0.469860061655 0.462581730289 6.59500002861
-7.99 -7.887 2.379 -0.477342183284 0.456051962849 6.65600013733
-7.987 -7.889 2.276 -0.447583534925 0.525812289187 6.70700001717
-8.017 -7.88 2.259 -0.423916757017 0.515512738397 6.76300001144
-8.034 -7.886 2.222 -0.312629777535 0.410218541783 6.8180000782
-8.034 -7.876 2.291 -0.316504926175 0.360718843461 6.87900018692
-7.998 -7.885 2.31 -0.266842320164 0.29270890556 6.94100022316
-8.008 -7.882 2.353 -0.271850705343 0.27359312624 7.00100016594
-8.019 -7.874 2.349 -0.31690302127 0.32149605642 7.06300020218
-8.022 -7.864 2.53 -0.366288759963 0.256875432419 7.12400007248
-8.012 -7.859 2.613 -0.370652873332 0.216471686801 7.1740000248
-8.019 -7.852 2.623 -0.381840289875 0.217914199502 7.22600007057
-7.997 -7.865 2.444 -0.264963533423 0.22208752193 7.28299999237
-7.974 -7.87 2.598 -0.259546901943 0.156850353177 7.34200000763
-7.964 -7.868 2.405 -0.240184606022 0.217813986305 7.39900016785
-7.967 -7.858 2.428 -0.226495341978 0.196098514383 7.46600008011
-7.966 -7.853 2.549 -0.279944755902 0.18849160137 7.52600002289
-7.947 -7.86 2.511 -0.247551755295 0.180718434185 7.57800006866
-7.941 -7.861 2.542 -0.307313474289 0.210060736542 7.63300013542
-7.936 -7.866 2.45 -0.275574108304 0.228180092894 7.69600009918
-7.936 -7.852 2.433 -0.308838040537 0.264700310202 7.75200009346
-7.936 -7.84 2.474 -0.319319797554 0.251733612945 7.80800008774
-7.923 -7.823 2.273 -0.293037797792 0.346354804224 7.875
-7.924 -7.809 2.286 -0.354859434258 0.408533604012 7.92300009727
-7.927 -7.789 2.26 -0.348628786127 0.423094103136 7.97300004959
-7.936 -7.777 2.242 -0.310916612514 0.391476520358 8.02800011635
-7.94 -7.756 2.33 -0.362702231229 0.382219541444 8.08900022507
-7.942 -7.745 2.219 -0.301679669949 0.398323341424 8.14500021935
-7.967 -7.759 2.253 -0.276798005333 0.340753054783 8.20399999619
-7.972 -7.754 2.371 -0.267037679399 0.259245223336 8.25500011444
-7.964 -7.759 2.401 -0.182043195827 0.166419682601 8.31300020218
-7.967 -7.787 3.066 -0.181075410325 0.0137141026566 8.37400007248
-7.975 -7.788 2.615 -0.288442576381 0.1676858121 8.42900013924
-7.987 -7.791 2.395 -0.255358901574 0.236271356698 8.48500013351
-8.022 -7.835 2.85 -0.491842902228 0.147625708898 8.54700016975
-8.023 -7.828 2.727 -0.43211215333 0.190173591293 8.60500001907
-8.051 -7.841 2.94 -0.449858576495 0.0919369990949 8.66600012779
-8.087 -7.86 3.079 -0.478142824941 0.029967374229 8.72500014305
-8.098 -7.879 -3.03 -0.501496169603 -0.0561967534529 8.78100013733
-8.105 -7.89 -3.041 -0.528073929902 -0.0533002589717 8.83900022507
-8.128 -7.911 -3.025 -0.535564078947 -0.0627273302967 8.89700007439
-8.233 -8.006 -2.796 -0.74370229687 -0.267763971808 8.95900011063
-8.32 -8.091 -2.68 -0.840611908424 -0.418148892521 9.0110001564
-8.316 -8.139 -2.46 -0.743834739801 -0.603472318819 9.06700015068
-8.291 -8.166 -2.453 -0.723578810349 -0.595485713232 9.13900017738
-8.354 -8.244 -2.459 -0.838314566689 -0.681514927403 9.19400000572
-8.327 -8.184 -2.752 -0.895152836929 -0.367530796116 9.24700021744
-8.274 -8.132 -2.805 -0.755554855189 -0.264374515659 9.30599999428
-8.358 -8.181 -2.844 -0.835904683273 -0.256372388096 9.3630001545
-8.415 -8.218 -2.816 -0.80155606699 -0.270611602647 9.43099999428
-8.455 -8.259 -2.8 -0.810793630813 -0.288261323067 9.48200011253
-8.477 -8.283 -2.721 -0.760689197198 -0.340243786852 9.54000020027
-8.486 -8.306 -2.665 -0.682163306566 -0.352192482032 9.59900021553
-8.376 -8.259 -2.551 -0.633177938205 -0.424491562915 9.66100001335
-8.376 -8.264 -2.643 -0.733416119708 -0.399327862885 9.72000002861
-8.39 -8.272 -2.62 -0.699094916849 -0.401754839678 9.78000020981
-8.399 -8.288 -2.672 -0.720388147278 -0.365563522274 9.84000015259
-8.412 -8.288 -2.637 -0.626151468211 -0.345811462594 9.89800000191
-8.447 -8.267 -2.652 -0.638267306669 -0.340110322805 9.95500016212
-8.491 -8.257 -2.704 -0.658648365102 -0.308143996704 10.0140001774
-8.514 -8.27 -2.659 -0.613605939617 -0.321474693235 10.0830001831
-8.503 -8.274 -2.76 -0.55169839102 -0.22137484338 10.1360001564
-8.51 -8.283 -2.711 -0.582434963388 -0.267534818116 10.1940000057
-8.411 -8.243 -2.485 -0.346064665655 -0.266698045829 10.2570002079
-8.405 -8.261 -2.612 -0.373863240685 -0.218848308455 10.3180000782
-8.433 -8.263 -2.535 -0.363506586436 -0.252222352732 10.3760001659
-8.448 -8.264 -2.571 -0.424428660945 -0.272400440707 10.4270000458
-8.459 -8.277 -2.656 -0.496944398009 -0.262257505304 10.4790000916
-8.497 -8.302 -2.716 -0.534167142006 -0.24213657226 10.5430002213
-8.518 -8.324 -2.626 -0.500500073675 -0.283645568659 10.5990002155
-8.548 -8.292 -2.767 -0.513274877074 -0.201797195038 10.6579999924
-8.581 -8.254 -2.96 -0.564714349065 -0.103690250193 10.7150001526
-8.609 -8.263 -3.037 -0.54777207169 -0.0575027738518 10.7730000019
-8.638 -8.239 -3.104 -0.505896321125 -0.0190269490066 10.8330001831
-8.655 -8.212 3.095 -0.481789573996 0.0224641126737 10.8900001049
-8.674 -8.206 2.957 -0.508374019979 0.0949227128283 10.9460000992
-8.696 -8.21 2.986 -0.496285495031 0.0778475994338 10.9970002174
-8.724 -8.202 3.055 -0.475715883438 0.0412967706913 11.0570001602
-8.734 -8.094 2.729 -0.591293014792 0.258819067124 11.1260001659
-8.753 -7.986 2.555 -0.661873732395 0.439902451568 11.1760001183
-8.767 -7.958 2.533 -0.648642276303 0.451990868815 11.2350001335
-8.745 -7.96 2.56 -0.584918828702 0.384553200342 11.2940001488
-8.757 -7.951 2.576 -0.572078966032 0.363137400752 11.3470001221
-8.794 -7.919 2.507 -0.637654285824 0.469423587233 11.4000000954
-8.764 -7.964 2.39 -0.423929077794 0.396193838312 11.4580001831
-8.734 -8.038 2.374 -0.303843804463 0.293211801417 11.5170001984
-8.739 -8.032 2.189 -0.266056110627 0.374094315827 11.5640001297
-8.756 -7.969 2.075 -0.285419186385 0.517276154552 11.623000145
-8.776 -7.896 2.169 -0.388425961193 0.569954916814 11.6780002117
-8.794 -7.84 2.173 -0.40280225022 0.585999205449 11.737000227
-8.773 -7.838 1.962 -0.204344773321 0.495426108529 11.7890000343
-8.759 -7.836 1.964 -0.205061647398 0.494356916374 11.8410000801
-8.763 -7.815 1.994 -0.223880875855 0.497048441895 11.8920001984
-8.776 -7.774 2.027 -0.247110377274 0.503557297164 11.9560000896
