19.665 -14.348 1.275 0.18557376222 0.608965097969 2.42500019073
19.674 -14.334 1.281 0.179655457696 0.602484528034 2.47699999809
19.596 -14.845 -1.31 0.190802835673 -0.714953675755 4.15600013733
19.615 -14.897 -1.249 0.237115152235 -0.711236938314 4.21200013161
19.621 -15.409 -1.722 -0.0799957650911 -0.525021624439 5.64200019836
19.093 -15.468 -2.457 -0.457659627392 -0.373581003372 7.12400007248
19.072 -15.46 -2.461 -0.453845119455 -0.367452095038 7.1740000248
19.557 -15.267 0.13 0.665303326016 0.0869799725028 8.37400007248
19.585 -15.226 0.224 0.658361518912 0.149990045594 8.42900013924
20.026 -14.968 0.471 0.484331672075 0.246633585647 9.43099999428
20.035 -14.924 0.409 0.589604115015 0.255559668191 9.48200011253
