34.079 -20.168 3.073 -1.36872478334 0.094031983194 2.03600001335
34.078 -20.169 3.083 -1.37024952953 0.0803785595937 2.09500002861
34.007 -20.169 3.109 -1.32868297012 0.043320644429 2.14900016785
33.948 -20.169 3.116 -1.30279222955 0.0333491916097 2.20200014114
33.899 -20.391 -2.406 -1.0977266959 -0.993486547622 2.25800013542
33.826 -20.459 -2.387 -1.04087081768 -0.978639098372 2.31600022316
33.751 -20.523 -2.367 -1.04883891912 -1.02641388185 2.37400007248
33.68 -20.582 -2.386 -1.06798580226 -1.00614690647 2.42500019073
33.622 -20.6 -2.417 -1.13942498948 -1.00864904018 2.47699999809
33.54 -20.655 -2.425 -1.12828671511 -0.982802489897 2.53600001335
33.469 -20.678 -2.495 -1.14498231407 -0.864280488718 2.58800005913
33.378 -20.696 -2.599 -1.26997520627 -0.765743427236 2.63700008392
33.278 -20.642 -2.744 -1.38532633289 -0.581779470513 2.69600009918
33.128 -20.633 -2.934 -1.52560935614 -0.32133455049 2.7570002079
33.03 -20.61 -3.053 -1.5111562697 -0.134228699538 2.81300020218
32.91 -20.4 2.539 -1.54361069555 1.06192652624 2.86600017548
32.869 -20.345 2.529 -1.44496795258 1.01550181594 2.91300010681
32.802 -20.259 2.474 -1.38868702113 1.09476206536 2.96700000763
32.731 -20.156 2.4 -1.28669304212 1.17862921301 3.02600002289
32.667 -20.088 2.395 -1.24510521518 1.15203619929 3.08000016212
32.606 -20.003 2.364 -1.23550230397 1.21636384998 3.12900018692
32.558 -19.935 2.306 -1.17056699793 1.29439870991 3.17900013924
32.519 -19.902 2.325 -1.06444374029 1.13301457563 3.23100018501
32.528 -19.877 2.213 -0.839633879716 1.12254311538 3.28000020981
32.52 -19.795 2.137 -0.751332611173 1.1820365818 3.33800005913
32.53 -19.765 2.046 -0.588490942913 1.14374537717 3.38800001144
32.444 -19.822 2.46 -1.06666277237 0.865382352015 3.44500017166
32.405 -19.769 2.371 -0.976361918959 0.947870593793 3.5
32.372 -19.728 2.324 -0.848476383716 0.904946449397 3.5600001812
32.352 -19.706 2.301 -0.745208306901 0.83237049374 3.61200022697
32.367 -19.846 2.326 -0.422370382065 0.448679278316 3.67000007629
32.343 -19.846 2.389 -0.438279228817 0.410426996174 3.72300004959
32.313 -19.841 2.419 -0.458139198108 0.403925484877 3.77700018883
32.252 -19.829 2.441 -0.534593172046 0.450823490144 3.83000016212
32.223 -19.812 2.444 -0.524334712999 0.439487636533 3.89100003242
32.184 -19.803 2.45 -0.555047897448 0.459589188476 3.94400000572
32.141 -19.812 2.65 -0.62581756921 0.335085040651 4.0
32.146 -19.839 2.961 -0.622682175575 0.11369047804 4.0490000248
32.125 -19.809 2.721 -0.578096952165 0.258573273942 4.10700011253
32.079 -19.811 2.745 -0.588677442641 0.246527844922 4.15600013733
32.038 -19.771 2.59 -0.618848035749 0.380776383158 4.21200013161
32.029 -19.77 2.683 -0.626181409578 0.309143997507 4.26400017738
32.007 -19.771 2.795 -0.6571870439 0.237357503566 4.31200003624
31.843 -19.66 2.552 -0.790974487507 0.529134916219 4.37700009346
31.761 -19.648 2.536 -0.808243156502 0.55961033448 4.42800021172
31.683 -19.63 2.597 -0.853206036957 0.516778166673 4.48400020599
31.657 -19.6 2.5 -0.742226712916 0.554459904154 4.54600000381
31.374 -19.602 2.905 -0.970711276438 0.234046543618 4.6210000515
31.328 -19.587 2.807 -0.944131388421 0.328240936458 4.68099999428
31.301 -19.582 2.821 -0.930167496067 0.308859580208 4.74000000954
31.261 -19.562 2.808 -0.847291348552 0.293623721359 4.79400014877
31.216 -19.515 2.702 -0.830342071819 0.39049575584 4.85199999809
31.166 -19.475 2.685 -0.809460875922 0.397617024368 4.91000008583
31.122 -19.44 2.688 -0.760038722266 0.370514133788 4.96400022507
31.077 -19.455 2.758 -0.744188433588 0.30034292969 5.02500009537
31.018 -19.421 2.629 -0.733043697367 0.412533180307 5.09400010109
30.941 -19.39 2.659 -0.823488795485 0.431434558922 5.14100003242
30.881 -19.373 2.642 -0.868766514645 0.474149906452 5.1970000267
30.857 -19.373 2.656 -0.865252150711 0.456628289631 5.24500012398
30.812 -19.331 2.563 -0.815082405203 0.532378291798 5.30000019073
30.799 -19.313 2.493 -0.742158205987 0.562545607078 5.35700011253
30.6 -19.221 2.597 -0.919089332214 0.5566830045 5.41600012779
30.554 -19.19 2.624 -0.947982629078 0.539752570253 5.47600007057
30.486 -19.164 2.639 -0.940275026272 0.516844447093 5.52500009537
30.368 -19.137 2.735 -1.03027398858 0.443621731464 5.58600020409
30.288 -19.114 2.784 -1.02190513353 0.381841922087 5.64200019836
30.237 -19.077 2.746 -1.00188373386 0.418394331927 5.70100021362
30.162 -19.049 2.755 -1.00077389658 0.407392433911 5.75300002098
30.072 -19.006 2.802 -1.05259479096 0.371859241978 5.80599999428
30.023 -18.993 2.765 -1.0041960545 0.397126555424 5.85500001907
29.968 -18.973 2.773 -0.976148750845 0.377032554095 5.91200017929
29.883 -18.936 2.81 -1.0595506497 0.364808956514 5.97100019455
29.82 -18.919 2.851 -1.06414838381 0.318242438872 6.02800011635
29.715 -18.887 2.852 -1.16912286987 0.348362629361 6.08800005913
29.645 -18.85 2.777 -1.11715879908 0.426369582276 6.14500021935
29.561 -18.806 2.702 -1.11294836853 0.52340069127 6.20100021362
29.517 -18.788 2.741 -1.09963589882 0.465686991508 6.25100016594
29.434 -18.75 2.73 -1.18280705174 0.516326067155 6.31100010872
29.359 -18.704 2.588 -1.14233115806 0.706028363567 6.36400008202
29.292 -18.653 2.543 -1.14818031249 0.783142502089 6.42200016975
29.215 -18.597 2.539 -1.17473821611 0.808160811973 6.48000001907
29.129 -18.57 2.628 -1.20839504612 0.681637476834 6.53900003433
29.052 -18.565 2.672 -1.29199181602 0.655625832822 6.59500002861
28.944 -18.523 2.616 -1.25022142303 0.725143228749 6.65600013733
28.88 -18.491 2.624 -1.20697886682 0.687217176376 6.70700001717
28.804 -18.452 2.479 -1.11265312175 0.868167189576 6.76300001144
28.744 -18.431 2.533 -1.19184562111 0.830509138022 6.8180000782
28.67 -18.387 2.536 -1.18098311258 0.817687535404 6.87900018692
28.602 -18.339 2.518 -1.15137115411 0.828235021745 6.94100022316
28.53 -18.346 2.597 -1.14865617022 0.695729289376 7.00100016594
28.453 -18.316 2.58 -1.12151181481 0.705622065884 7.06300020218
28.374 -18.309 2.583 -1.14682835324 0.7167570966 7.12400007248
28.285 -18.34 2.638 -1.18291506345 0.651758462708 7.1740000248
28.214 -18.274 2.584 -1.19591761508 0.745775409596 7.22600007057
28.174 -18.234 2.535 -1.11302736019 0.772284161877 7.28299999237
28.108 -18.183 2.483 -1.07827845526 0.834428290602 7.34200000763
28.052 -18.148 2.464 -0.992321865953 0.798509014702 7.39900016785
27.942 -18.158 2.429 -0.985213003701 0.851270165611 7.46600008011
27.914 -18.115 2.49 -1.00306798284 0.765060526254 7.52600002289
27.924 -18.073 2.531 -0.904008460422 0.632626373055 7.57800006866
27.89 -18.016 2.454 -0.845073989159 0.694056682111 7.63300013542
27.856 -17.988 2.458 -0.798957910333 0.650847670753 7.69600009918
27.77 -17.956 2.385 -0.779982582426 0.736293395399 7.75200009346
27.734 -17.922 2.372 -0.784604157504 0.760185929264 7.80800008774
27.712 -17.881 2.343 -0.778969451759 0.799801741731 7.875
27.726 -17.838 2.353 -0.723499446344 0.728136699549 7.92300009727
27.717 -17.816 2.371 -0.701037137931 0.680580095658 7.97300004959
27.707 -17.794 2.353 -0.672657615029 0.676968998676 8.02800011635
27.704 -17.76 2.339 -0.655072308871 0.677995997976 8.08900022507
27.636 -17.668 2.306 -0.748537831133 0.82772400439 8.14500021935
27.597 -17.623 2.353 -0.801055582663 0.806189930156 8.20399999619
27.55 -17.523 2.393 -0.868788726849 0.807079669018 8.25500011444
27.457 -17.463 2.484 -0.977184987971 0.754635713697 8.31300020218
27.377 -17.368 2.586 -1.09262453673 0.678330475377 8.37400007248
27.291 -17.34 2.641 -1.09892926031 0.60119372291 8.42900013924
27.203 -17.308 2.643 -1.12269624757 0.611281755558 8.48500013351
27.105 -17.342 2.621 -0.966948068011 0.554398745495 8.54700016975
27.061 -17.268 2.553 -0.925809832446 0.617995928202 8.60500001907
27.018 -17.264 2.505 -0.789776321956 0.583850841657 8.66600012779
26.968 -17.295 2.561 -0.761981496904 0.499871920692 8.72500014305
26.933 -17.305 2.533 -0.705393860429 0.491536853949 8.78100013733
26.907 -17.268 2.467 -0.653981792302 0.523026408677 8.83900022507
26.825 -17.295 2.493 -0.661225500821 0.501199741206 8.89700007439
26.704 -17.362 2.524 -0.684962948424 0.486516130802 8.95900011063
26.672 -17.314 2.66 -0.713447715663 0.372874063373 9.0110001564
26.66 -17.256 2.669 -0.758647955884 0.387844990368 9.06700015068
26.539 -17.29 2.698 -0.857945506864 0.407675878478 9.13900017738
26.488 -17.263 2.713 -0.893856309731 0.408419719272 9.19400000572
26.44 -17.225 2.709 -0.985526677588 0.455079499969 9.24700021744
26.416 -17.175 2.705 -0.972418130876 0.453754266503 9.30599999428
26.281 -17.233 2.755 -1.03177100259 0.420010655175 9.3630001545
26.259 -17.167 2.776 -1.06546103336 0.407859979096 9.43099999428
26.234 -17.072 2.784 -1.15366915883 0.431076461606 9.48200011253
26.16 -17.005 2.793 -1.265621037 0.459970276968 9.54000020027
26.071 -16.952 2.843 -1.34954588594 0.415383348759 9.59900021553
25.98 -16.951 2.901 -1.40234329522 0.344057830647 9.66100001335
25.91 -16.94 2.845 -1.32855606057 0.406015732293 9.72000002861
25.848 -16.951 2.804 -1.17856215977 0.413711382382 9.78000020981
25.771 -16.9 2.719 -1.21223935125 0.545126891187 9.84000015259
25.691 -16.902 2.786 -1.18127886347 0.43870260889 9.89800000191
25.667 -16.793 2.661 -1.10433752216 0.575762226139 9.95500016212
25.616 -16.727 2.546 -1.02735876924 0.696226698342 10.0140001774
25.541 -16.667 2.513 -1.0200950117 0.741569732443 10.0830001831
25.484 -16.632 2.564 -1.04255879131 0.679470146818 10.1360001564
25.405 -16.597 2.676 -1.15686505377 0.58124796115 10.1940000057
25.297 -16.563 2.735 -1.22634516091 0.528047266733 10.2570002079
25.22 -16.509 2.707 -1.18172920637 0.54854857828 10.3180000782
25.158 -16.473 2.654 -1.09283698536 0.579531303291 10.3760001659
25.099 -16.415 2.594 -1.12406499702 0.685452390726 10.4270000458
25.051 -16.396 2.597 -1.0969954418 0.664438914761 10.4790000916
24.98 -16.364 2.583 -1.11740353758 0.698366859401 10.5430002213
24.898 -16.314 2.616 -1.20752802808 0.700380554162 10.5990002155
24.819 -16.283 2.642 -1.21854867162 0.665051804964 10.6579999924
24.723 -16.256 2.676 -1.26486287021 0.63550970102 10.7150001526
24.65 -16.243 2.664 -1.2206856456 0.631771770383 10.7730000019
24.601 -16.214 2.615 -1.15853729409 0.673514532582 10.8330001831
24.558 -16.188 2.674 -1.16669776629 0.589113627528 10.8900001049
24.487 -16.164 2.697 -1.17856085863 0.561470243515 10.9460000992
24.415 -16.143 2.713 -1.20077992609 0.548658878371 10.9970002174
24.359 -16.102 2.661 -1.19373319576 0.622369944349 11.0570001602
24.294 -16.061 2.702 -1.2395383398 0.582933802008 11.1260001659
24.244 -16.036 2.673 -1.18122915591 0.597934274288 11.1760001183
24.197 -15.994 2.667 -1.18059205888 0.606537601262 11.2350001335
24.13 -15.95 2.652 -1.15214719865 0.613938943067 11.2940001488
24.082 -15.949 2.697 -1.13599540453 0.541191922119 11.3470001221
24.028 -15.939 2.723 -1.14916830009 0.511248424148 11.4000000954
23.958 -15.941 2.739 -1.14986253044 0.48967204057 11.4580001831
23.914 -15.866 2.574 -1.0280585745 0.655466908424 11.5170001984
23.871 -15.834 2.558 -1.01598795293 0.670872461435 11.5640001297
23.849 -15.779 2.472 -0.947160497016 0.749764070155 11.623000145
23.767 -15.748 2.518 -1.03099631586 0.741643781012 11.6780002117
23.701 -15.74 2.643 -1.06761112725 0.58128920047 11.737000227
23.657 -15.764 2.746 -1.09751759953 0.458331767763 11.7890000343
23.647 -15.835 2.932 -0.98712615125 0.209978147581 11.8410000801
23.608 -15.801 2.826 -0.970142933931 0.316756664916 11.8920001984
23.555 -15.776 2.853 -0.944471788606 0.280395500593 11.9560000896
