2.305 7.007 -3.038 -0.462033722992 -0.0480352515761 0.0190000534058
2.268 7.01 -2.828 -0.527588161219 -0.171093348528 0.0710000991821
2.218 6.973 -2.645 -0.561254913608 -0.304136424972 0.128000020981
2.167 6.933 -2.602 -0.589537256516 -0.35305974107 0.184000015259
2.156 6.917 -2.455 -0.533884450837 -0.437584394781 0.241000175476
2.15 6.912 -2.467 -0.562332843938 -0.449729535757 0.297000169754
2.122 6.848 -2.351 -0.578011401698 -0.584047760914 0.357000112534
2.156 6.833 -2.27 -0.528374192993 -0.628322740409 0.412000179291
2.154 6.816 -2.19 -0.450573474634 -0.63219970804 0.47000002861
2.131 6.778 -2.177 -0.433307553557 -0.625008187491 0.529000043869
2.146 6.794 -2.142 -0.350143348017 -0.544827684171 0.589000225067
2.171 6.889 -2.332 -0.225453458208 -0.236635650624 0.644000053406
2.165 6.888 -2.495 -0.239330636131 -0.18065676353 0.705000162125
2.218 6.983 2.125 -0.0591439157594 0.095562339259 0.764000177383
2.211 6.987 -2.847 -0.146483475498 -0.0444462089485 0.819000005722
2.201 6.967 -2.792 -0.236379418951 -0.0861761214047 0.881000041962
2.186 6.951 -2.706 -0.336192877594 -0.156466678417 0.936000108719
2.168 6.935 -2.693 -0.393843597528 -0.189564998843 0.992000102997
2.173 6.937 -2.781 -0.341776841553 -0.128877082533 1.04400014877
2.144 6.916 -2.651 -0.469967959533 -0.251033222371 1.09400010109
2.135 6.914 -2.712 -0.470211236833 -0.21541697613 1.15799999237
2.113 6.871 -2.487 -0.458465591453 -0.351861630586 1.21800017357
2.093 6.844 -2.529 -0.482306966847 -0.338958106165 1.26900005341
2.112 6.846 -2.54 -0.421677214841 -0.289471897013 1.32700014114
2.109 6.864 -2.649 -0.488759494237 -0.262328480105 1.375
2.145 6.874 -2.641 -0.461820339287 -0.252649100464 1.43200016022
2.145 6.883 -2.694 -0.447559029613 -0.214868357925 1.49300003052
2.174 6.894 -2.596 -0.386952178174 -0.234902205284 1.55400013924
2.149 6.885 -2.698 -0.441768156871 -0.209918019262 1.60900020599
2.123 6.864 -2.64 -0.452977274446 -0.248400175242 1.66100001335
2.106 6.843 -2.56 -0.481352613309 -0.31646389013 1.71400022507
2.097 6.845 -2.475 -0.441398063904 -0.347258035632 1.75900006294
2.086 6.842 -2.463 -0.45070317867 -0.363418361722 1.81300020218
2.067 6.83 -2.453 -0.421670104081 -0.347023045847 1.86100006104
2.102 6.892 -2.324 -0.383927184884 -0.40947933196 1.92000007629
2.102 6.886 -2.222 -0.371968869339 -0.488080592872 1.98000001907
2.086 6.859 -2.292 -0.45701647498 -0.519809606407 2.03600001335
2.098 6.838 -2.061 -0.289857108669 -0.543159787538 2.09500002861
2.131 6.829 -1.821 -0.134588141058 -0.52664238617 2.14900016785
2.107 6.838 -2.018 -0.208396972904 -0.434512604067 2.20200014114
2.046 6.847 -2.363 -0.341437737581 -0.336821764624 2.25800013542
2.081 6.836 -2.075 -0.201033816324 -0.364341307115 2.31600022316
2.07 6.84 -2.156 -0.216807663304 -0.327192011146 2.37400007248
2.079 6.824 -2.057 -0.230656174062 -0.436417699287 2.42500019073
2.119 6.87 -2.159 -0.147211892466 -0.220721668208 2.47699999809
2.105 6.879 -2.474 -0.219836964611 -0.173306991249 2.53600001335
2.099 6.902 -2.927 -0.27773608251 -0.0605321568081 2.58800005913
2.105 6.931 3.01 -0.302686204515 0.0400627991064 2.63700008392
2.122 7.027 2.136 -0.255890473076 0.403471208903 2.69600009918
2.118 7.056 2.101 -0.272021409836 0.46404939219 2.7570002079
2.12 7.062 2.136 -0.272210905279 0.429204189234 2.81300020218
2.104 7.062 2.206 -0.311921986029 0.42316588975 2.86600017548
2.135 7.081 2.157 -0.304199415751 0.458082446728 2.91300010681
2.127 7.101 2.076 -0.261904010809 0.473538582084 2.96700000763
2.132 7.095 2.115 -0.281357941018 0.464932864906 3.02600002289
2.123 7.104 2.141 -0.306560351287 0.478062396492 3.08000016212
2.101 7.121 2.285 -0.383133214883 0.441975888185 3.12900018692
2.11 7.122 2.286 -0.330132269794 0.380066338836 3.17900013924
2.121 7.12 2.19 -0.243364917524 0.341465351308 3.23100018501
2.102 7.125 2.23 -0.280396807558 0.361881845788 3.28000020981
2.112 7.12 2.178 -0.24902782285 0.35843478033 3.33800005913
2.118 7.114 2.159 -0.258502773684 0.387585285998 3.38800001144
2.114 7.127 2.223 -0.309469216125 0.40523020309 3.44500017166
2.122 7.082 2.346 -0.384352076188 0.392269612663 3.5
2.095 7.089 2.446 -0.395789704906 0.330398145259 3.5600001812
2.078 7.095 2.553 -0.419985937926 0.280348717895 3.61200022697
2.069 7.091 2.543 -0.438623515198 0.299173146788 3.67000007629
2.084 7.078 2.493 -0.403167679366 0.305595498525 3.72300004959
2.077 6.92 -2.63 -0.395276095671 -0.22192837594 3.77700018883
2.092 6.932 -2.706 -0.320829292826 -0.149316351217 3.83000016212
2.096 6.904 -2.437 -0.227863237172 -0.193722450608 3.89100003242
2.129 6.877 -2.493 -0.192487626825 -0.145902946318 3.94400000572
2.119 6.885 -2.74 -0.244048121526 -0.103640362931 4.0
2.116 6.87 -2.67 -0.311613429971 -0.158913851778 4.0490000248
2.11 6.853 -2.573 -0.381016117733 -0.24346350714 4.10700011253
2.11 6.85 -2.474 -0.36362958752 -0.286664937599 4.15600013733
2.11 6.876 -2.749 -0.295856820313 -0.122511019241 4.21200013161
2.114 6.885 -2.667 -0.288939229327 -0.148444592481 4.26400017738
2.142 6.934 -2.944 -0.357359513675 -0.0715451562795 4.31200003624
2.144 6.96 -3.057 -0.375916962655 -0.0318758834237 4.37700009346
2.131 6.964 -3.103 -0.409470879138 -0.0158104178813 4.42800021172
2.111 6.966 -3.132 -0.472395264496 -0.00453166313033 4.48400020599
2.119 6.967 -3.029 -0.461303478577 -0.0521599818011 4.54600000381
2.116 6.947 -2.933 -0.430145284644 -0.0910495418698 4.6210000515
2.09 6.917 -2.812 -0.500055936413 -0.171054030842 4.68099999428
2.084 6.923 -2.923 -0.487465318979 -0.108286600723 4.74000000954
2.073 6.916 -2.856 -0.440567414664 -0.129359068844 4.79400014877
2.06 6.905 -2.922 -0.500905429973 -0.111797956706 4.85199999809
2.069 6.904 -2.921 -0.411868721598 -0.0923581808955 4.91000008583
2.074 6.908 -3.058 -0.434352997804 -0.036393528602 4.96400022507
2.091 6.893 -3.014 -0.417364478497 -0.0535435179444 5.02500009537
2.061 6.892 -2.985 -0.430067682589 -0.0679013579973 5.09400010109
2.068 6.853 -2.784 -0.44056014063 -0.164618344085 5.14100003242
2.049 6.857 -2.892 -0.471492714011 -0.120187293567 5.1970000267
2.065 6.865 -2.997 -0.394611677034 -0.0574589407944 5.24500012398
2.084 6.873 -3.125 -0.339531255418 -0.00563424157946 5.30000019073
2.082 6.838 -2.917 -0.361443453979 -0.0825705734533 5.35700011253
2.087 6.812 -2.858 -0.379002420384 -0.110459530075 5.41600012779
2.077 6.852 3.006 -0.385335393361 0.0525712245256 5.47600007057
2.092 6.849 2.961 -0.289360458931 0.0528319746288 5.52500009537
2.082 6.854 2.956 -0.289733486404 0.0543984234321 5.58600020409
2.098 6.901 2.511 -0.334112244168 0.243909567662 5.64200019836
2.097 6.958 2.267 -0.341573603843 0.408669147745 5.70100021362
2.078 7.013 2.257 -0.375055332768 0.457957724122 5.75300002098
2.058 6.998 2.327 -0.390333751238 0.413817200481 5.80599999428
2.053 7.003 2.344 -0.394474873721 0.404214972019 5.85500001907
2.054 7.017 2.371 -0.421654905846 0.409350547394 5.91200017929
2.037 7.04 2.3 -0.390668279973 0.437241268339 5.97100019455
2.058 7.025 2.399 -0.382690314881 0.351254241405 6.02800011635
2.045 7.038 2.493 -0.458908481199 0.347846251738 6.08800005913
2.039 7.04 2.533 -0.454261270397 0.316541110219 6.14500021935
2.037 7.047 2.628 -0.441565892276 0.24908068072 6.20100021362
2.028 7.047 2.682 -0.403662565803 0.199789369512 6.25100016594
2.016 7.058 2.686 -0.393727386817 0.192915189841 6.31100010872
2.017 7.042 2.819 -0.316862214633 0.105917298654 6.36400008202
2.041 7.036 2.812 -0.320981103087 0.109797939609 6.42200016975
2.05 7.018 2.54 -0.295132993511 0.202602143288 6.48000001907
2.024 7.061 2.386 -0.33246629449 0.313215712232 6.53900003433
2.061 7.066 2.055 -0.217528957973 0.413580189621 6.59500002861
2.095 7.067 1.744 -0.0829989635108 0.474397113888 6.65600013733
2.156 7.071 1.39 0.0973478691045 0.532559881926 6.70700001717
2.181 7.086 1.29 0.160469059669 0.556379230609 6.76300001144
2.201 7.099 1.342 0.135221822668 0.580665035523 6.8180000782
2.21 7.133 1.416 0.0927541591314 0.594407628791 6.87900018692
2.207 7.164 1.487 0.0481365628671 0.57310198544 6.94100022316
2.202 7.148 1.346 0.123531500431 0.540238519105 7.00100016594
2.206 7.168 1.354 0.125923107374 0.571707451368 7.06300020218
2.203 7.19 1.326 0.152349120499 0.609869065934 7.12400007248
2.188 7.228 1.325 0.166660757687 0.664333950846 7.1740000248
2.233 7.184 1.231 0.190250159454 0.53817820718 7.22600007057
2.243 7.15 1.271 0.152795276065 0.494302167963 7.28299999237
2.237 7.176 1.287 0.131909002917 0.452255707481 7.34200000763
2.241 7.173 1.274 0.134619637611 0.440178742769 7.39900016785
2.252 7.161 1.252 0.156014514014 0.472693793107 7.46600008011
2.253 7.173 1.15 0.24950126948 0.557509825364 7.52600002289
2.248 7.138 1.089 0.306311440162 0.58579781668 7.57800006866
2.258 7.157 1.051 0.329406725133 0.575592633755 7.63300013542
2.278 7.181 0.956 0.378294326284 0.535765275641 7.69600009918
2.292 7.193 1.015 0.352544558242 0.5676050656 7.75200009346
2.308 7.188 0.897 0.402566544768 0.504183776537 7.80800008774
2.328 7.203 0.783 0.427172090831 0.425128131715 7.875
2.329 7.21 0.728 0.426546434959 0.380190308824 7.92300009727
2.346 7.193 0.771 0.386359690289 0.375391119694 7.97300004959
2.363 7.196 0.693 0.403217392934 0.334828569278 8.02800011635
2.339 7.161 0.695 0.376168893473 0.313640936334 8.08900022507
2.339 7.145 0.807 0.31375314032 0.327609915698 8.14500021935
2.358 7.155 0.852 0.303599767391 0.346994739274 8.20399999619
2.369 7.158 0.923 0.262357758661 0.346697917789 8.25500011444
2.383 7.189 0.939 0.335950680113 0.459030783377 8.31300020218
2.389 7.188 0.93 0.282492698148 0.378787065806 8.37400007248
2.391 7.185 0.907 0.286592271489 0.366389801293 8.42900013924
2.393 7.191 0.875 0.308416279302 0.369304323644 8.48500013351
2.409 7.205 0.817 0.350923135933 0.373834433722 8.54700016975
2.429 7.202 0.813 0.361069739543 0.38157325741 8.60500001907
2.459 7.202 0.716 0.372056763539 0.323695192533 8.66600012779
2.476 7.177 0.546 0.396475077554 0.240904226519 8.72500014305
2.489 7.186 0.716 0.340550709694 0.29628443384 8.78100013733
2.489 7.181 0.924 0.229665813331 0.304128053627 8.83900022507
2.521 7.144 0.569 0.251166801985 0.160635891831 8.89700007439
2.528 7.111 0.499 0.253494612946 0.138155768651 8.95900011063
2.464 7.133 1.215 0.0918498295041 0.247166499714 9.0110001564
2.455 7.143 1.461 0.0340739274384 0.30908952249 9.06700015068
2.347 7.207 2.045 -0.261466415085 0.509417386612 9.13900017738
2.321 7.255 2.031 -0.279114763605 0.563069147656 9.19400000572
2.338 7.227 1.957 -0.204004232865 0.501702352618 9.24700021744
2.337 7.232 1.919 -0.16732145514 0.460948080351 9.30599999428
2.288 7.292 2.113 -0.27423882715 0.455221763219 9.3630001545
2.259 7.313 2.178 -0.296609635354 0.426921009368 9.43099999428
2.242 7.337 2.084 -0.275730141151 0.489254223962 9.48200011253
2.23 7.37 2.114 -0.266870915257 0.441990871727 9.54000020027
2.23 7.318 2.094 -0.217197245039 0.376540159361 9.59900021553
2.22 7.311 2.186 -0.261591656267 0.370163178423 9.66100001335
2.188 7.28 2.375 -0.345499575796 0.332743367702 9.72000002861
2.154 7.27 2.441 -0.363656036713 0.306671862372 9.78000020981
2.181 7.271 2.22 -0.271189453199 0.35732254297 9.84000015259
2.192 7.278 2.152 -0.264375690793 0.402465602433 9.89800000191
2.213 7.296 1.936 -0.127828099528 0.334317416619 9.95500016212
2.212 7.29 2.08 -0.143932990571 0.257799497263 10.0140001774
2.206 7.286 1.553 0.00430219507039 0.241720717355 10.0830001831
2.205 7.246 1.277 0.0573702712874 0.189621264821 10.1360001564
2.207 7.25 1.01 0.0729835237692 0.116204806214 10.1940000057
2.264 7.264 0.979 0.207601001707 0.308856336408 10.2570002079
2.308 7.284 1.039 0.302026395646 0.513359986548 10.3180000782
2.321 7.296 0.937 0.351254579122 0.477932901959 10.3760001659
2.319 7.285 0.892 0.401589654669 0.497834805596 10.4270000458
2.276 7.242 0.855 0.342228452325 0.393520805899 10.4790000916
2.254 7.175 0.633 0.279370275426 0.204979458037 10.5430002213
2.268 7.175 0.721 0.297876698776 0.261785571213 10.5990002155
2.286 7.195 0.683 0.383981623888 0.312420986959 10.6579999924
2.31 7.205 0.517 0.474608864 0.26985556059 10.7150001526
2.302 7.165 0.494 0.358438152886 0.193032269004 10.7730000019
2.333 7.177 0.466 0.457633737001 0.230164122475 10.8330001831
2.343 7.18 0.385 0.491626716201 0.199217973002 10.8900001049
2.362 7.191 0.406 0.420306116782 0.180682797201 10.9460000992
2.309 7.132 0.355 0.307819028168 0.114110093413 10.9970002174
2.343 7.137 0.37 0.354670374851 0.137563572936 11.0570001602
2.382 7.119 0.264 0.398172777023 0.107629763573 11.1260001659
2.391 7.121 0.225 0.463001856211 0.105969721247 11.1760001183
2.413 7.115 0.27 0.480589176327 0.133006964562 11.2350001335
2.436 7.119 0.19 0.482480284806 0.0927905299976 11.2940001488
2.455 7.121 0.204 0.41529805463 0.0859159489509 11.3470001221
2.341 7.076 -0.269 0.233202513661 -0.064289697668 11.4000000954
2.392 7.094 0.056 0.436990901792 0.0244971034945 11.4580001831
2.414 7.087 0.184 0.412555370166 0.0767786224711 11.5170001984
2.434 7.095 0.3 0.42066522693 0.13012700364 11.5640001297
2.342 7.1 1.034 0.0342648766962 0.0575799812521 11.623000145
2.3 7.108 -2.396 -0.104150552604 -0.0961723818788 11.6780002117
2.333 7.121 -0.277 0.0311822316515 -0.00886539075475 11.737000227
2.286 7.108 2.917 -0.175186817926 0.040020854876 11.7890000343
2.23 7.096 -3.076 -0.2587304201 -0.016995195167 11.8410000801
2.232 7.093 -3.086 -0.254306520686 -0.0141521565984 11.8920001984
2.174 7.092 -3.119 -0.313768904749 -0.00709007853815 11.9560000896
