-8.168 -8.086 1.107 0.279161282434 0.558115045339 0.0190000534058
-8.193 -8.128 1.113 0.212393384008 0.431074288022 0.0710000991821
-8.12 -8.048 1.063 0.368713356643 0.662594473459 0.128000020981
-8.127 -8.054 1.138 0.263540635423 0.57042209491 0.184000015259
-8.156 -8.053 1.264 0.154909504359 0.488984007596 0.241000175476
-8.053 -7.956 1.132 0.325854952611 0.69432639443 0.297000169754
-8.039 -7.939 1.133 0.316628577214 0.676424929213 0.357000112534
-8.095 -7.931 1.318 0.146807215598 0.568309381124 0.412000179291
-8.112 -7.946 1.349 0.105400339757 0.467394141534 0.47000002861
-8.119 -7.961 1.286 0.121376421745 0.414601442657 0.529000043869
-8.115 -7.965 1.161 0.18013041016 0.414675274421 0.589000225067
-8.111 -7.98 1.124 0.193680514635 0.404250677501 0.644000053406
-8.113 -7.993 1.033 0.22437441959 0.376190632948 0.705000162125
-8.126 -8.0 1.134 0.191525720108 0.410231148477 0.764000177383
-8.107 -7.998 0.934 0.306278869572 0.414127625998 0.819000005722
-8.105 -7.977 1.016 0.25476976725 0.411101996736 0.881000041962
-8.101 -7.955 1.091 0.204160404486 0.392350574538 0.936000108719
-8.086 -7.939 1.043 0.255288926645 0.437917951837 0.992000102997
-8.132 -7.979 1.438 0.0507220972333 0.379706187852 1.04400014877
-8.133 -7.978 1.464 0.0447736119432 0.417647896385 1.09400010109
-8.13 -7.98 1.476 0.0470190111589 0.4945137148 1.15799999237
-8.14 -7.98 1.513 0.0294355158073 0.508730130787 1.21800017357
-8.152 -7.967 1.617 -0.0257839782267 0.557653236759 1.26900005341
-8.146 -7.95 1.447 0.0604610477397 0.485893785294 1.32700014114
-8.131 -7.92 1.357 0.109558264754 0.50461060761 1.375
-8.116 -7.916 1.299 0.12977089458 0.465640998964 1.43200016022
-8.103 -7.911 1.236 0.130737099142 0.375797109128 1.49300003052
-8.093 -7.898 1.316 0.109623374217 0.420888133267 1.55400013924
-8.044 -7.902 0.891 0.318989332771 0.394630257586 1.60900020599
-7.979 -7.902 0.747 0.444576108347 0.411681230603 1.66100001335
-7.959 -7.898 0.721 0.436146897544 0.383302773179 1.71400022507
-7.955 -7.889 0.781 0.401448988654 0.397933152709 1.75900006294
-7.926 -7.875 0.718 0.449867476741 0.392975254013 1.81300020218
-7.921 -7.833 0.773 0.469295255199 0.457800383009 1.86100006104
-7.928 -7.832 0.844 0.384911375962 0.432891035341 1.92000007629
-7.929 -7.834 1.103 0.253018686054 0.50083201771 1.98000001907
-7.934 -7.837 1.006 0.308187483629 0.486367605269 2.03600001335
-7.937 -7.842 0.982 0.28019211481 0.419566247841 2.09500002861
-7.953 -7.864 1.012 0.246422214851 0.394102767349 2.14900016785
-7.929 -7.842 0.919 0.306488212442 0.401665861984 2.20200014114
-7.91 -7.814 0.946 0.334344842543 0.463611381958 2.25800013542
-7.886 -7.779 0.981 0.361833337598 0.540646320461 2.31600022316
-7.869 -7.757 1.007 0.350660214331 0.554622096038 2.37400007248
-7.872 -7.762 0.96 0.352566823278 0.50359146308 2.42500019073
-7.866 -7.76 0.936 0.391388930144 0.531427046132 2.47699999809
-7.919 -7.818 0.953 0.242520933015 0.34129640841 2.53600001335
-7.937 -7.8 1.02 0.241547517383 0.393270859046 2.58800005913
-7.941 -7.793 1.012 0.253603313255 0.405587489841 2.63700008392
-7.939 -7.752 1.04 0.247150397528 0.421049028654 2.69600009918
-7.936 -7.732 1.063 0.241448351228 0.43389353889 2.7570002079
-7.953 -7.728 1.004 0.312792484463 0.491458227817 2.81300020218
-7.954 -7.732 0.91 0.334558331758 0.430365594039 2.86600017548
-7.948 -7.739 0.735 0.418132162324 0.377975779688 2.91300010681
-7.945 -7.74 0.655 0.388517352169 0.298429549944 2.96700000763
-7.937 -7.737 0.699 0.392372825384 0.329820894275 3.02600002289
-8.009 -7.82 0.634 0.39360737748 0.289403412028 3.08000016212
-7.989 -7.812 0.506 0.487258437995 0.269999101293 3.12900018692
-7.972 -7.784 0.693 0.40681710174 0.337817739315 3.17900013924
-8.033 -7.806 0.866 0.180182839966 0.211850014694 3.23100018501
-8.066 -7.843 0.519 0.161161116784 0.0920608322846 3.28000020981
-8.046 -7.839 0.319 0.227887134646 0.0752665522517 3.33800005913
-8.028 -7.838 0.464 0.340050464474 0.170175047043 3.38800001144
-7.996 -7.831 0.516 0.411825828361 0.233613402609 3.44500017166
-7.974 -7.822 0.459 0.428540327252 0.211786307885 3.5
-7.967 -7.831 0.47 0.391883491667 0.199063449421 3.5600001812
-7.973 -7.845 0.474 0.38909106579 0.199606941108 3.61200022697
-8.044 -7.903 0.435 0.222187694714 0.103247655387 3.67000007629
-8.002 -7.879 0.484 0.320762603165 0.168626704311 3.72300004959
-8.0 -7.887 0.549 0.314730757519 0.192530295987 3.77700018883
-8.017 -7.909 0.221 0.228312725955 0.0512949430548 3.83000016212
-8.066 -7.993 -1.029 0.100188089591 -0.166460229272 3.89100003242
-8.237 -8.23 -2.122 -0.429299076774 -0.698316876472 3.94400000572
-8.309 -8.33 -2.098 -0.444631131087 -0.763752066949 4.0
-8.279 -8.328 -2.063 -0.403640658296 -0.752749006543 4.0490000248
-8.316 -8.374 -2.104 -0.409871720572 -0.69442875706 4.10700011253
-8.343 -8.412 -2.145 -0.409037935608 -0.632289761958 4.15600013733
-8.356 -8.417 -2.208 -0.439320142746 -0.593510340603 4.21200013161
-8.371 -8.427 -2.264 -0.489949848929 -0.589777788371 4.26400017738
-8.389 -8.422 -2.284 -0.515482267127 -0.595854328904 4.31200003624
-8.414 -8.436 -2.288 -0.537648962679 -0.616476170676 4.37700009346
-8.369 -8.432 -2.155 -0.452647778421 -0.684592350027 4.42800021172
-8.363 -8.446 -2.14 -0.452878526701 -0.707793415096 4.48400020599
-8.392 -8.467 -2.233 -0.492267437846 -0.63140189778 4.54600000381
-8.379 -8.464 -2.328 -0.463327116378 -0.490218988777 4.6210000515
-8.384 -8.483 -2.318 -0.480647542939 -0.518841075463 4.68099999428
-8.41 -8.486 -2.303 -0.474735787497 -0.528133270747 4.74000000954
-8.429 -8.485 -2.361 -0.482389543305 -0.477775425612 4.79400014877
-8.392 -8.463 -2.415 -0.367713222601 -0.326823492681 4.85199999809
-8.387 -8.467 -2.459 -0.336430454667 -0.273503987643 4.91000008583
-8.394 -8.476 -2.431 -0.323190870186 -0.278125035187 4.96400022507
-8.42 -8.502 -2.497 -0.423930008807 -0.318671128347 5.02500009537
-8.45 -8.522 -2.484 -0.456178798469 -0.352286227678 5.09400010109
-8.465 -8.529 -2.537 -0.472262314758 -0.326286184683 5.14100003242
-8.488 -8.523 -2.537 -0.462072757728 -0.319246216464 5.1970000267
-8.487 -8.536 -2.487 -0.443116900423 -0.340081868803 5.24500012398
-8.508 -8.537 -2.624 -0.471497682234 -0.268456486488 5.30000019073
-8.4 -8.521 -2.81 -0.440212827768 -0.151567631418 5.35700011253
-8.374 -8.531 3.002 -0.419001237888 0.0588723902779 5.41600012779
-8.419 -8.515 3.008 -0.513204119949 0.0689710982306 5.47600007057
-8.397 -8.486 2.618 -0.479655927413 0.276925563548 5.52500009537
-8.419 -8.466 2.52 -0.555587681195 0.397976412498 5.58600020409
-8.429 -8.448 2.382 -0.52796535838 0.501396259132 5.64200019836
-8.437 -8.428 2.353 -0.537124508229 0.540567195517 5.70100021362
-8.457 -8.404 2.368 -0.514671707004 0.502661017564 5.75300002098
-8.49 -8.382 2.425 -0.500381803204 0.435861271345 5.80599999428
-8.501 -8.369 2.456 -0.445405790997 0.364321168305 5.85500001907
-8.51 -8.346 2.404 -0.427082801113 0.388083640154 5.91200017929
-8.533 -8.329 2.467 -0.455986982309 0.364678705994 5.97100019455
-8.545 -8.319 2.481 -0.476379062782 0.370172723966 6.02800011635
-8.538 -8.324 2.558 -0.470871760176 0.31092386072 6.08800005913
-8.527 -8.335 2.674 -0.44917644409 0.226807637781 6.14500021935
-8.504 -8.327 2.765 -0.402409341355 0.159139676845 6.20100021362
-8.474 -8.33 2.919 -0.365976367927 0.0828363016748 6.25100016594
-8.464 -8.341 2.969 -0.317871109209 0.0554135376515 6.31100010872
-8.474 -8.344 3.098 -0.356526973993 0.0155518092561 6.36400008202
-8.487 -8.352 -3.075 -0.418724846661 -0.0279252898633 6.42200016975
-8.457 -8.328 2.799 -0.341730688898 0.121880517271 6.48000001907
-8.445 -8.339 2.717 -0.304501559279 0.137662858726 6.53900003433
-8.442 -8.347 2.019 -0.144240960814 0.299976107103 6.59500002861
-8.429 -8.324 1.708 -0.0629783639091 0.456129778164 6.65600013733
-8.403 -8.294 1.608 -0.0171283768075 0.460182343978 6.70700001717
-8.358 -8.303 1.301 0.132286719122 0.478365724466 6.76300001144
-8.318 -8.305 1.224 0.151918438185 0.42035839609 6.8180000782
-8.306 -8.314 1.17 0.176969682789 0.417645105128 6.87900018692
-8.322 -8.306 1.46 0.0471564631163 0.423870942838 6.94100022316
-8.309 -8.3 1.46 0.0558636121376 0.50213608872 7.00100016594
-8.302 -8.305 1.304 0.123701572413 0.452601853494 7.06300020218
-8.29 -8.303 1.181 0.18264815348 0.444597524104 7.12400007248
-8.293 -8.29 1.107 0.218150810023 0.436139453743 7.1740000248
-8.277 -8.294 1.069 0.204167207824 0.37213517654 7.22600007057
-8.237 -8.317 0.925 0.289846548864 0.38461975266 7.28299999237
-8.239 -8.313 0.907 0.317462537961 0.405855453105 7.34200000763
-8.245 -8.296 1.045 0.265573875785 0.45766184539 7.39900016785
-8.232 -8.301 0.951 0.259992488989 0.364338447235 7.46600008011
-8.203 -8.313 0.868 0.286263685167 0.337941791814 7.52600002289
-8.18 -8.324 0.695 0.343659484437 0.286535341835 7.57800006866
-8.197 -8.321 0.827 0.274377799297 0.2982123531 7.63300013542
-8.209 -8.317 0.781 0.201021362066 0.199260844167 7.69600009918
-8.124 -8.33 0.616 0.332869247342 0.235633981152 7.75200009346
-8.086 -8.328 0.66 0.379555717584 0.294575057115 7.80800008774
-8.089 -8.323 0.871 0.29386418911 0.349032109766 7.875
-8.072 -8.314 0.952 0.286631325498 0.402519271921 7.92300009727
-8.042 -8.292 0.791 0.405894297839 0.410467470913 7.97300004959
-8.022 -8.278 0.772 0.388112161436 0.377849073534 8.02800011635
-8.001 -8.268 0.816 0.310337735931 0.329937451167 8.08900022507
-7.968 -8.279 0.646 0.271498160958 0.204685682736 8.14500021935
-7.939 -8.294 0.614 0.255600873693 0.180170381385 8.20399999619
-7.911 -8.293 0.333 0.305629605718 0.10571125831 8.25500011444
-7.873 -8.293 0.438 0.384022225692 0.179852797806 8.31300020218
-7.788 -8.282 0.492 0.467619618316 0.250625363581 8.37400007248
-7.718 -8.268 0.341 0.491475226022 0.17440608136 8.42900013924
-7.671 -8.247 0.277 0.549463471724 0.156217439365 8.48500013351
-7.619 -8.221 0.427 0.619554185728 0.281894057843 8.54700016975
-7.601 -8.202 0.395 0.572623376545 0.238733461104 8.60500001907
-7.587 -8.181 0.516 0.44674654882 0.253422622348 8.66600012779
-7.585 -8.168 0.47 0.425180892526 0.215977393521 8.72500014305
-7.625 -8.181 0.333 0.402864607013 0.139342929281 8.78100013733
-7.635 -8.203 0.111 0.378096717095 0.0421419549389 8.83900022507
-7.613 -8.189 0.378 0.435703026434 0.173015714779 8.89700007439
-7.585 -8.168 0.5 0.437216020247 0.23885220046 8.95900011063
-7.567 -8.158 0.445 0.490499395622 0.233920712687 9.0110001564
-7.558 -8.142 0.498 0.453507442266 0.246575818452 9.06700015068
-7.543 -8.124 0.505 0.44089014568 0.243729609442 9.13900017738
-7.544 -8.128 0.44 0.501780700932 0.236228582962 9.19400000572
-7.529 -8.124 0.434 0.466934590863 0.216410772524 9.24700021744
-7.536 -8.105 0.447 0.465576972737 0.223179155572 9.30599999428
-7.545 -8.091 0.471 0.458134674592 0.233293430966 9.3630001545
-7.566 -8.094 0.435 0.458335746858 0.212982502492 9.43099999428
-7.575 -8.095 0.433 0.464671809258 0.214797813623 9.48200011253
-7.573 -8.099 0.274 0.507193638235 0.142556566819 9.54000020027
-7.56 -8.095 0.278 0.515225731677 0.147040370738 9.59900021553
-7.534 -8.087 0.246 0.547579035069 0.137489127312 9.66100001335
-7.535 -8.098 0.308 0.572231057783 0.182040258267 9.72000002861
-7.526 -8.094 0.359 0.56258431172 0.211116289921 9.78000020981
-7.51 -8.08 0.425 0.53864345151 0.243780951319 9.84000015259
-7.518 -8.057 0.414 0.530672379284 0.233174858735 9.89800000191
-7.52 -8.039 0.422 0.529173172955 0.237584756972 9.95500016212
-7.532 -8.033 0.411 0.458130780337 0.199662843586 10.0140001774
-7.535 -8.002 0.588 0.436995237176 0.291328514721 10.0830001831
-7.549 -7.987 0.644 0.434007093429 0.325843762864 10.1360001564
-7.537 -7.98 0.685 0.41977849099 0.342944201931 10.1940000057
-7.533 -7.97 0.701 0.412912768756 0.348498076153 10.2570002079
-7.526 -7.985 0.607 0.406413662837 0.282239141643 10.3180000782
-7.505 -7.994 0.591 0.417237186902 0.279968205757 10.3760001659
-7.492 -7.992 0.546 0.443637499211 0.269560824004 10.4270000458
-7.48 -7.988 0.529 0.458621641888 0.268098516999 10.4790000916
-7.47 -7.986 0.526 0.465897932145 0.270480004185 10.5430002213
-7.454 -7.979 0.507 0.449549487275 0.249691768256 10.5990002155
-7.442 -7.98 0.54 0.454936403974 0.272702357197 10.6579999924
-7.455 -8.001 0.575 0.410850089034 0.266249549153 10.7150001526
-7.463 -8.004 0.501 0.32608310121 0.178563643092 10.7730000019
-7.469 -8.004 0.664 0.291892185701 0.228415636084 10.8330001831
-7.48 -8.002 0.633 0.325339792642 0.23870819568 10.8900001049
-7.488 -7.998 0.568 0.334817594285 0.21366400823 10.9460000992
-7.49 -7.987 0.582 0.379114501478 0.249468978693 10.9970002174
-7.49 -7.994 0.615 0.385784151854 0.272513087955 11.0570001602
-7.486 -8.027 0.458 0.469647814769 0.231517724216 11.1260001659
-7.48 -8.074 0.313 0.516594076297 0.16718974538 11.1760001183
-7.48 -8.141 0.239 0.55965354299 0.136363545525 11.2350001335
-7.482 -8.201 0.161 0.538412732521 0.0874412805707 11.2940001488
-7.475 -8.227 0.172 0.564450475651 0.0980543408172 11.3470001221
-7.466 -8.225 0.167 0.592888294952 0.0999431824507 11.4000000954
-7.449 -8.215 0.205 0.552286343245 0.114831827768 11.4580001831
-7.438 -8.208 0.326 0.45729654055 0.154594430179 11.5170001984
-7.427 -8.207 0.366 0.481085758539 0.184385023878 11.5640001297
-7.414 -8.201 0.376 0.487500789518 0.192456523518 11.623000145
-7.399 -8.191 0.418 0.502364966962 0.223138375976 11.6780002117
-7.394 -8.186 0.422 0.494172960989 0.221870587624 11.737000227
-7.398 -8.184 0.476 0.441039896536 0.227372490999 11.7890000343
-7.398 -8.166 0.576 0.457095893502 0.296868414731 11.8410000801
-7.388 -8.146 0.631 0.469974109035 0.343385386952 11.8920001984
-7.375 -8.134 0.694 0.454692318401 0.378341809422 11.9560000896
