-11.731 -10.917 -2.389 -0.351110093148 -0.328797377066 0.0190000534058
-11.724 -10.928 -2.299 -0.348980629564 -0.39137088984 0.0710000991821
-11.666 -10.88 -2.237 -0.328255057124 -0.417577615033 0.128000020981
-11.643 -10.876 -2.003 -0.238628093972 -0.517305005048 0.184000015259
-11.627 -10.877 -1.978 -0.209133385829 -0.484878770602 0.241000175476
-11.603 -10.856 -2.171 -0.295704874483 -0.432041766981 0.297000169754
-11.594 -10.852 -2.242 -0.343296724079 -0.432246466042 0.357000112534
-11.577 -10.837 -2.332 -0.363894306106 -0.381942980907 0.412000179291
-11.579 -10.831 -2.366 -0.384401670341 -0.376936125846 0.47000002861
-11.597 -10.84 -2.462 -0.4453139832 -0.359808298192 0.529000043869
-11.618 -10.827 -2.591 -0.396697374105 -0.243540825074 0.589000225067
-11.623 -10.821 -2.601 -0.360051303548 -0.216115578886 0.644000053406
-11.625 -10.805 -2.658 -0.326833804718 -0.17164847698 0.705000162125
-11.629 -10.797 -2.752 -0.291017687172 -0.119485698797 0.764000177383
-11.624 -10.789 -2.711 -0.243054036522 -0.111644083101 0.819000005722
-11.639 -10.788 -2.723 -0.278684237883 -0.123982603281 0.881000041962
-11.654 -10.775 -2.693 -0.313732301069 -0.151005789259 0.936000108719
-11.645 -10.751 -2.451 -0.285143536673 -0.235623499877 0.992000102997
-11.629 -10.759 -2.249 -0.261330192262 -0.324353877172 1.04400014877
-11.623 -10.788 -2.062 -0.217178172494 -0.405989636045 1.09400010109
-11.617 -10.821 -1.915 -0.166691813859 -0.465004399585 1.15799999237
-11.583 -10.8 -1.793 -0.0971235157806 -0.429874780352 1.21800017357
-11.571 -10.804 -1.811 -0.109341429048 -0.446414385962 1.26900005341
-11.565 -10.809 -1.806 -0.100927051731 -0.421162771144 1.32700014114
-11.56 -10.803 -1.817 -0.0869648226547 -0.346057063372 1.375
-11.556 -10.825 -1.831 -0.100615006433 -0.377911442347 1.43200016022
-11.563 -10.84 -1.79 -0.0973356176406 -0.436906913956 1.49300003052
-11.57 -10.876 -1.783 -0.0930602948057 -0.431939912177 1.55400013924
-11.581 -10.89 -1.793 -0.118492628593 -0.524455815674 1.60900020599
-11.588 -10.894 -1.842 -0.157107268826 -0.565023419659 1.66100001335
-11.571 -10.897 -1.743 -0.0998936359449 -0.574344656619 1.71400022507
-11.549 -10.903 -1.691 -0.0769021924928 -0.636681463741 1.75900006294
-11.469 -10.86 -1.505 0.041182589516 -0.625006679456 1.81300020218
-11.449 -10.847 -1.395 0.108911173299 -0.613135177281 1.86100006104
-11.445 -10.874 -1.442 0.0847546963942 -0.654409395611 1.92000007629
-11.443 -10.891 -1.356 0.140603794719 -0.644493082984 1.98000001907
-11.362 -10.851 -1.182 0.243814879432 -0.595180613279 2.03600001335
-11.338 -10.832 -1.254 0.187976643417 -0.573383300794 2.09500002861
-11.335 -10.818 -1.322 0.146099865297 -0.575060111294 2.14900016785
-11.326 -10.823 -1.309 0.150953965926 -0.563374768405 2.20200014114
-11.324 -10.825 -1.3 0.162551280689 -0.585526366091 2.25800013542
-11.311 -10.842 -1.318 0.146427795111 -0.56684059622 2.31600022316
-11.315 -10.859 -1.308 0.154633608621 -0.574807677942 2.37400007248
-11.323 -10.856 -1.361 0.130042352577 -0.610729540613 2.42500019073
-11.325 -10.859 -1.366 0.136833751655 -0.658778296796 2.47699999809
-11.323 -10.865 -1.403 0.104065621845 -0.614358542262 2.53600001335
-11.328 -10.881 -1.497 0.0509393962763 -0.689016576372 2.58800005913
-11.331 -10.9 -1.527 0.0304473685702 -0.694759151954 2.63700008392
-11.371 -10.905 -1.631 -0.0460606043153 -0.764155072282 2.69600009918
-11.378 -10.92 -1.579 -0.00660901829752 -0.805598890735 2.7570002079
-11.386 -10.964 -1.598 -0.021364163392 -0.785147390218 2.81300020218
-11.391 -10.999 -1.583 -0.00974987049189 -0.798889507145 2.86600017548
-11.37 -10.953 -1.613 -0.0227156707122 -0.537919586467 2.91300010681
-11.375 -10.945 -1.58 -0.00450976381235 -0.489982246657 2.96700000763
-11.389 -10.936 -1.6 -0.0130702317735 -0.447427137046 3.02600002289
-11.388 -10.951 -1.593 -0.0102752820638 -0.462697920811 3.08000016212
-11.391 -10.955 -1.683 -0.0576238585249 -0.511407799769 3.12900018692
-11.418 -10.923 -1.775 -0.10175955002 -0.491377907924 3.17900013924
-11.429 -10.919 -1.819 -0.124440632002 -0.491026915359 3.23100018501
-11.437 -10.924 -1.925 -0.154370366764 -0.417443259676 3.28000020981
-11.438 -10.944 -1.88 -0.151200364696 -0.473315106833 3.33800005913
-11.44 -10.945 -1.936 -0.188517179219 -0.493041644031 3.38800001144
-11.459 -10.911 -2.202 -0.274231469111 -0.375166226089 3.44500017166
-11.444 -10.918 -2.013 -0.192358522227 -0.406269297358 3.5
-11.441 -10.911 -2.014 -0.18120113785 -0.381717027922 3.5600001812
-11.432 -10.905 -2.023 -0.175947471065 -0.362198885082 3.61200022697
-11.443 -10.897 -2.127 -0.225150010916 -0.362167598342 3.67000007629
-11.435 -10.92 -2.063 -0.229987575092 -0.428903568333 3.72300004959
-11.434 -10.932 -2.136 -0.279050361803 -0.439988192872 3.77700018883
-11.459 -10.916 -2.213 -0.285981378067 -0.382340964118 3.83000016212
-11.523 -10.842 3.137 -0.306135771392 0.0014059854347 3.89100003242
-11.605 -10.714 2.542 -0.417050949658 0.285070577733 3.94400000572
-11.638 -10.671 2.439 -0.40997688328 0.347139767795 4.0
-11.641 -10.668 2.385 -0.405841616073 0.383109197853 4.0490000248
-11.648 -10.625 2.27 -0.424800220995 0.505156463963 4.10700011253
-11.642 -10.603 2.271 -0.407542366404 0.483651388869 4.15600013733
-11.642 -10.568 2.161 -0.356374146691 0.532020291032 4.21200013161
-11.626 -10.546 2.069 -0.286313823949 0.526338938465 4.26400017738
-11.595 -10.534 2.064 -0.305119699352 0.567653644987 4.31200003624
-11.587 -10.495 1.971 -0.261158309144 0.617346900989 4.37700009346
-11.565 -10.469 1.942 -0.243981156728 0.626800408809 4.42800021172
-11.554 -10.437 1.851 -0.18832291946 0.654410618012 4.48400020599
-11.557 -10.414 1.818 -0.18258595964 0.723498406678 4.54600000381
-11.546 -10.379 1.737 -0.124881207352 0.7444431866 4.6210000515
-11.524 -10.372 1.67 -0.0763586583969 0.767189361037 4.68099999428
-11.499 -10.382 1.663 -0.0667715843294 0.722121524627 4.74000000954
-11.487 -10.386 1.609 -0.0257549674385 0.673820972975 4.79400014877
-11.471 -10.378 1.624 -0.0385131483999 0.723198237781 4.85199999809
-11.467 -10.37 1.677 -0.0809273740801 0.759134563974 4.91000008583
-11.464 -10.363 1.638 -0.0504728735297 0.749912380161 4.96400022507
-11.458 -10.334 1.561 0.00719843151393 0.734785740624 5.02500009537
-11.45 -10.305 1.57 0.000570149220391 0.715973772987 5.09400010109
-11.432 -10.315 1.555 0.0106610978349 0.674853795156 5.14100003242
-11.428 -10.306 1.601 -0.019521199432 0.646122171622 5.1970000267
-11.428 -10.306 1.651 -0.0545402139971 0.678562664061 5.24500012398
-11.427 -10.302 1.67 -0.0676014499408 0.679204091246 5.30000019073
-11.419 -10.282 1.513 0.0407397876246 0.704100367127 5.35700011253
-11.425 -10.272 1.568 0.00192061540747 0.686833314664 5.41600012779
-11.421 -10.275 1.522 0.0310265393032 0.635332859184 5.47600007057
-11.413 -10.261 1.548 0.0153509250128 0.673278020071 5.52500009537
-11.407 -10.247 1.484 0.0594912126835 0.683689568549 5.58600020409
-11.399 -10.236 1.484 0.0564549869771 0.648796417954 5.64200019836
-11.4 -10.238 1.528 0.02616607327 0.611036008616 5.70100021362
-11.39 -10.237 1.54 0.0191499781899 0.621630102199 5.75300002098
-11.393 -10.233 1.665 -0.0541339696147 0.572947303279 5.80599999428
-11.407 -10.245 1.622 -0.0316044538008 0.616690691109 5.85500001907
-11.416 -10.23 1.692 -0.0748203593213 0.614285189839 5.91200017929
-11.418 -10.199 1.762 -0.123738586041 0.63925019185 5.97100019455
-11.424 -10.179 1.708 -0.0947143538341 0.685982209155 6.02800011635
-11.449 -10.175 1.801 -0.142017092048 0.605982999077 6.08800005913
-11.461 -10.151 1.82 -0.151714139051 0.596140696867 6.14500021935
-11.46 -10.134 1.813 -0.163940783566 0.66358384226 6.20100021362
-11.458 -10.131 1.756 -0.120828059388 0.644930007726 6.25100016594
-11.458 -10.13 1.668 -0.0635775077739 0.652003581065 6.31100010872
-11.424 -10.116 1.585 -0.00932820438413 0.656701751503 6.36400008202
-11.422 -10.097 1.619 -0.0324149220404 0.671936589533 6.42200016975
-11.428 -10.089 1.625 -0.032811569172 0.604745528428 6.48000001907
-11.432 -10.092 1.739 -0.0931205510329 0.548386873607 6.53900003433
-11.427 -10.086 1.787 -0.125274489256 0.570371597672 6.59500002861
-11.444 -10.075 1.743 -0.0880693639906 0.506360271517 6.65600013733
-11.479 -10.086 1.84 -0.140508981448 0.50927318085 6.70700001717
-11.462 -10.086 1.851 -0.145947780533 0.507159603992 6.76300001144
-11.384 -10.079 1.661 -0.0442417662058 0.489134261 6.8180000782
-11.412 -10.098 1.681 -0.0517380199251 0.467574251299 6.87900018692
-11.485 -10.109 1.874 -0.148972842794 0.476179816698 6.94100022316
-11.567 -10.123 1.995 -0.226368286499 0.50123168231 7.00100016594
-11.416 -10.082 1.706 -0.0703370935788 0.517056826691 7.06300020218
-11.396 -10.07 1.726 -0.0711040098897 0.454449095347 7.12400007248
-11.518 -10.101 1.93 -0.10727465058 0.285689406347 7.1740000248
-11.563 -10.113 2.004 -0.0862074213035 0.186392709839 7.22600007057
-11.538 -10.113 2.124 -0.094873796909 0.153636344727 7.28299999237
-11.497 -10.138 2.828 -0.0798330512001 0.0258893300818 7.34200000763
-11.382 -10.185 -2.114 -0.136680437594 -0.226369762707 7.39900016785
-11.323 -10.228 -2.056 -0.193186992314 -0.366409833331 7.46600008011
-11.322 -10.268 -1.976 -0.191068469701 -0.445442672799 7.52600002289
-11.333 -10.299 -1.941 -0.173164003408 -0.446186863595 7.57800006866
-11.348 -10.341 -1.974 -0.20238256673 -0.474436407841 7.63300013542
-11.374 -10.399 -1.995 -0.240391745418 -0.532282860081 7.69600009918
-11.395 -10.435 -1.973 -0.238603064435 -0.560899998505 7.75200009346
-11.416 -10.476 -2.008 -0.267072104904 -0.571437451176 7.80800008774
-11.446 -10.527 -2.009 -0.293990309927 -0.627396256755 7.875
-11.457 -10.548 -2.001 -0.304834934304 -0.664320081789 7.92300009727
-11.464 -10.567 -1.951 -0.26292558908 -0.657891427085 7.97300004959
-11.461 -10.579 -1.923 -0.23313493752 -0.634332775467 8.02800011635
-11.469 -10.613 -1.899 -0.213757317469 -0.6277397261 8.08900022507
-11.476 -10.632 -1.891 -0.227980272053 -0.687483844869 8.14500021935
-11.479 -10.634 -1.962 -0.245683948905 -0.595651362922 8.20399999619
-11.48 -10.637 -1.968 -0.245614010997 -0.585490993685 8.25500011444
-11.487 -10.66 -2.008 -0.306079820705 -0.654899816898 8.31300020218
-11.512 -10.662 -2.072 -0.367700970849 -0.671150767125 8.37400007248
-11.549 -10.667 -2.092 -0.390355261745 -0.679870495648 8.42900013924
-11.565 -10.67 -2.127 -0.40690333502 -0.654528964943 8.48500013351
-11.574 -10.688 -2.142 -0.423435891674 -0.658871852234 8.54700016975
-11.574 -10.695 -2.108 -0.38444030913 -0.645429474242 8.60500001907
-11.57 -10.704 -2.178 -0.397739173947 -0.572480423314 8.66600012779
-11.579 -10.715 -2.16 -0.363720650797 -0.544163753817 8.72500014305
-11.566 -10.708 -2.115 -0.299161879785 -0.494353169262 8.78100013733
-11.562 -10.723 -2.098 -0.308880655808 -0.530570674926 8.83900022507
-11.558 -10.735 -2.067 -0.300541174888 -0.555135616366 8.89700007439
-11.552 -10.741 -2.088 -0.290729071808 -0.51107789533 8.95900011063
-11.546 -10.744 -2.039 -0.248510369574 -0.491410673969 9.0110001564
-11.52 -10.736 -2.014 -0.208338296297 -0.438883972851 9.06700015068
-11.5 -10.745 -1.966 -0.209573820397 -0.50239327465 9.13900017738
-11.498 -10.752 -1.985 -0.232197097673 -0.528155027507 9.19400000572
-11.516 -10.774 -1.905 -0.201207271858 -0.579466416436 9.24700021744
-11.541 -10.792 -1.841 -0.162408971425 -0.58636177045 9.30599999428
-11.569 -10.802 -1.975 -0.228797307982 -0.534876620268 9.3630001545
-11.593 -10.812 -2.06 -0.280428967733 -0.526760025136 9.43099999428
-11.604 -10.815 -2.04 -0.271275401482 -0.535097431352 9.48200011253
-11.614 -10.817 -1.939 -0.206063898873 -0.534123763379 9.54000020027
-11.617 -10.829 -2.029 -0.255806597091 -0.518652884423 9.59900021553
-11.624 -10.838 -1.929 -0.183221738453 -0.489435211028 9.66100001335
-11.605 -10.82 -1.857 -0.120976777545 -0.411089852387 9.72000002861
-11.576 -10.799 -1.641 -0.029216308475 -0.415481032501 9.78000020981
-11.561 -10.789 -1.6 -0.0112713952021 -0.385848405231 9.84000015259
-11.554 -10.75 -1.566 0.0015581191559 -0.324854263369 9.89800000191
-11.556 -10.763 -1.652 -0.0269157243404 -0.33073057125 9.95500016212
-11.54 -10.747 -1.761 -0.0495555514313 -0.257389916297 10.0140001774
-11.542 -10.707 -2.163 -0.08674619826 -0.128942320141 10.0830001831
-11.546 -10.6 2.85 -0.167045756527 0.0501384651766 10.1360001564
-11.559 -10.468 2.233 -0.240138870519 0.308011716639 10.1940000057
-11.558 -10.409 2.1 -0.220163386216 0.376445604796 10.2570002079
-11.559 -10.378 2.01 -0.207160671678 0.440947451184 10.3180000782
-11.568 -10.327 1.843 -0.144107422428 0.516269707446 10.3760001659
-11.567 -10.3 1.861 -0.173497170302 0.58096806017 10.4270000458
-11.519 -10.278 1.746 -0.0894899104186 0.505539404136 10.4790000916
-11.507 -10.253 1.781 -0.111984205977 0.524871724173 10.5430002213
-11.511 -10.249 1.864 -0.130206983243 0.431284479938 10.5990002155
-11.51 -10.237 1.837 -0.128617649549 0.47168793763 10.6579999924
-11.496 -10.222 1.846 -0.14073051149 0.498393071076 10.7150001526
-11.487 -10.228 1.83 -0.132439434634 0.499452854582 10.7730000019
-11.498 -10.233 1.939 -0.18543141333 0.480643746323 10.8330001831
-11.504 -10.249 2.102 -0.254965547381 0.433958022745 10.8900001049
-11.528 -10.265 2.234 -0.272031175911 0.348199416755 10.9460000992
-11.562 -10.272 2.495 -0.388086606586 0.292943985145 10.9970002174
-11.61 -10.292 2.726 -0.483432095148 0.213336942711 11.0570001602
-11.647 -10.332 -3.004 -0.479230604552 -0.0663578968154 11.1260001659
-11.638 -10.354 -2.759 -0.449988232481 -0.181085211966 11.1760001183
-11.636 -10.382 -2.525 -0.441110784092 -0.31264940498 11.2350001335
-11.645 -10.437 -2.443 -0.484187863002 -0.406662336061 11.2940001488
-11.663 -10.478 -2.41 -0.502147184484 -0.450822619994 11.3470001221
-11.682 -10.497 -2.389 -0.505996018911 -0.473840447968 11.4000000954
-11.692 -10.51 -2.375 -0.489245550345 -0.471182089529 11.4580001831
-11.7 -10.521 -2.381 -0.46037590781 -0.438084565487 11.5170001984
-11.708 -10.552 -2.281 -0.436002123383 -0.507048270813 11.5640001297
-11.715 -10.577 -2.287 -0.424113058165 -0.487277073039 11.623000145
-11.722 -10.599 -2.242 -0.352687852011 -0.444070877916 11.6780002117
-11.727 -10.616 -2.251 -0.33520467049 -0.414345337425 11.737000227
-11.712 -10.611 -2.242 -0.365362765073 -0.460029918578 11.7890000343
-11.724 -10.628 -2.241 -0.393922475806 -0.497009289676 11.8410000801
-11.733 -10.654 -2.123 -0.316941433175 -0.514397277926 11.8920001984
-11.742 -10.693 -2.136 -0.336906701008 -0.53121224995 11.9560000896
