13.38 -9.959 -0.32 0.608180827778 -0.201544682786 0.0190000534058
13.382 -9.933 -0.251 0.622197446375 -0.159536025239 0.0710000991821
13.394 -9.926 -0.244 0.613108021238 -0.152639633198 0.128000020981
13.425 -9.923 -0.211 0.642263779647 -0.137565256931 0.184000015259
13.441 -9.932 -0.239 0.622640762672 -0.151710827261 0.241000175476
13.445 -9.931 -0.177 0.649481674216 -0.116174002933 0.297000169754
13.457 -9.937 -0.227 0.671265895386 -0.155049738122 0.357000112534
13.477 -9.95 -0.24 0.750584907321 -0.183680663627 0.412000179291
13.508 -9.956 -0.222 0.730256924594 -0.164833867041 0.47000002861
13.541 -9.952 -0.175 0.723280658099 -0.127882252954 0.529000043869
13.538 -9.929 -0.117 0.601089247172 -0.0706501129695 0.589000225067
13.561 -9.929 -0.12 0.599378429638 -0.0722726537845 0.644000053406
13.569 -9.892 -0.087 0.491769012606 -0.0428921757017 0.705000162125
13.578 -9.885 -0.023 0.420202831848 -0.0096663696958 0.764000177383
13.596 -9.888 -0.147 0.373108135037 -0.0552454029319 0.819000005722
13.592 -9.866 -0.169 0.380125262118 -0.064859835496 0.881000041962
13.588 -9.869 -0.157 0.397494258646 -0.0629244585153 0.936000108719
13.57 -9.832 -0.227 0.436516726844 -0.100827115824 0.992000102997
13.565 -9.832 -0.445 0.456600046861 -0.217754006076 1.04400014877
13.573 -9.85 -0.514 0.516217787345 -0.291467944703 1.09400010109
13.563 -9.85 -0.743 0.328202172366 -0.301488438145 1.15799999237
13.549 -9.859 -0.448 0.296385796928 -0.142440275022 1.21800017357
13.526 -9.859 -0.428 0.243208933486 -0.110952541009 1.26900005341
13.51 -9.847 -0.317 0.265182397083 -0.0869965977557 1.32700014114
13.496 -9.841 -0.145 0.290597104931 -0.042434392265 1.375
13.479 -9.813 0.334 0.233528991413 0.0810346338968 1.43200016022
13.469 -9.813 0.136 0.204964767031 0.0280483493467 1.49300003052
13.491 -9.817 0.015 0.310553059505 0.00465864529622 1.55400013924
13.499 -9.793 0.28 0.340567293563 0.0979315984704 1.60900020599
13.508 -9.803 0.182 0.357763820218 0.0658416048308 1.66100001335
13.519 -9.783 0.339 0.388179605015 0.136876843459 1.71400022507
13.528 -9.764 0.363 0.460874979814 0.175054959891 1.75900006294
13.547 -9.758 0.409 0.440642157108 0.190993177615 1.81300020218
13.556 -9.767 0.317 0.488508642079 0.160261730426 1.86100006104
13.57 -9.778 0.224 0.519277332982 0.118303437568 1.92000007629
13.594 -9.764 0.353 0.45273018371 0.166800273256 1.98000001907
13.611 -9.756 0.329 0.459787147235 0.156974976547 2.03600001335
13.601 -9.812 0.065 0.39356911908 0.0256180817049 2.09500002861
13.608 -9.851 -0.098 0.356927150219 -0.0350912715715 2.14900016785
13.611 -9.885 -0.285 0.311927463918 -0.0913871368116 2.20200014114
13.606 -9.915 -0.199 0.272163647957 -0.0548870128508 2.25800013542
13.606 -9.911 -0.015 0.328459044893 -0.00492725522308 2.31600022316
13.609 -9.927 -0.11 0.360210683856 -0.0397837660017 2.37400007248
13.575 -9.887 0.195 0.328386086428 0.064859472248 2.42500019073
13.569 -9.894 0.104 0.367727328742 0.0383821224189 2.47699999809
13.572 -9.88 0.138 0.335363135402 0.0465761541711 2.53600001335
13.569 -9.887 0.19 0.334432344316 0.0643179741321 2.58800005913
13.557 -9.862 0.353 0.301484822387 0.111076646899 2.63700008392
13.54 -9.851 -0.213 0.1440914075 -0.0311641976279 2.69600009918
13.494 -9.891 -1.443 0.0128461968821 -0.0999730326171 2.7570002079
13.428 -9.912 -2.311 -0.191587688989 -0.20973774655 2.81300020218
13.368 -9.943 -2.369 -0.317299697135 -0.309275641883 2.86600017548
13.341 -9.956 -2.428 -0.375564901947 -0.325162180745 2.91300010681
13.32 -9.948 -2.516 -0.427081260144 -0.30851751463 2.96700000763
13.294 -9.957 -2.555 -0.50657646301 -0.336686919389 3.02600002289
13.269 -9.967 -2.6 -0.521498210857 -0.313731557384 3.08000016212
13.237 -9.978 -2.574 -0.577712630369 -0.368336514259 3.12900018692
13.209 -9.986 -2.523 -0.575704481901 -0.409778686634 3.17900013924
13.214 -9.976 -2.555 -0.593619021357 -0.39453818759 3.23100018501
13.202 -9.978 -2.573 -0.592512720347 -0.378606621103 3.28000020981
13.177 -9.982 -2.559 -0.611774625495 -0.403086249456 3.33800005913
13.183 -9.994 -2.554 -0.567997019373 -0.378328432059 3.38800001144
13.154 -9.99 -2.629 -0.619859021728 -0.348836521607 3.44500017166
13.142 -9.99 -2.633 -0.596694648588 -0.332664717982 3.5
13.118 -9.984 -2.654 -0.61473582314 -0.325994322609 3.5600001812
13.084 -9.979 -2.658 -0.593991042686 -0.311955667819 3.61200022697
13.058 -9.972 -2.707 -0.578600039825 -0.268581183851 3.67000007629
13.037 -9.963 -2.714 -0.572140632076 -0.260730516298 3.72300004959
13.017 -9.948 -2.807 -0.573453535996 -0.19936941826 3.77700018883
13.018 -9.928 -2.743 -0.541062307939 -0.227860431302 3.83000016212
13.0 -9.919 -2.905 -0.54627493356 -0.131711419418 3.89100003242
12.984 -9.906 -2.953 -0.534884789809 -0.10208855583 3.94400000572
12.969 -9.897 -2.912 -0.547649952932 -0.127993310439 4.0
12.975 -9.882 -2.895 -0.527891054299 -0.132878391602 4.0490000248
12.939 -9.841 -3.121 -0.593241193618 -0.012218137508 4.10700011253
12.912 -9.822 3.091 -0.548026881854 0.0277498145279 4.15600013733
12.903 -9.823 3.05 -0.573763844625 0.0527000060968 4.21200013161
12.865 -9.77 2.877 -0.583004391578 0.15796227406 4.26400017738
12.839 -9.74 2.855 -0.601399473163 0.177235894962 4.31200003624
12.856 -9.768 2.937 -0.549228208685 0.113962599626 4.37700009346
12.847 -9.769 2.909 -0.551716286885 0.130690455054 4.42800021172
12.845 -9.774 3.085 -0.500926761944 0.0283790780101 4.48400020599
12.852 -9.761 3.116 -0.524665129484 0.0134305052926 4.54600000381
12.826 -9.743 -3.083 -0.507178156483 -0.0297509678324 4.6210000515
12.808 -9.755 -2.828 -0.391095959557 -0.126829830984 4.68099999428
12.81 -9.757 -2.712 -0.378079446775 -0.173208815063 4.74000000954
12.805 -9.778 -2.51 -0.350302904202 -0.256266502682 4.79400014877
12.82 -9.781 -2.445 -0.295561522004 -0.247231402277 4.85199999809
12.831 -9.791 -2.331 -0.214906169518 -0.226017364254 4.91000008583
12.85 -9.82 -2.021 -0.184760315956 -0.382284112839 4.96400022507
12.828 -9.842 -2.017 -0.198577136904 -0.41510208952 5.02500009537
12.835 -9.877 -1.932 -0.195485602409 -0.517462017531 5.09400010109
12.836 -9.9 -1.912 -0.194726024015 -0.548382290571 5.14100003242
12.853 -9.922 -1.88 -0.196884645077 -0.616324418303 5.1970000267
12.844 -9.913 -1.9 -0.203263142532 -0.594971039332 5.24500012398
12.858 -9.969 -1.748 -0.11619663779 -0.648845739441 5.30000019073
12.862 -9.983 -1.766 -0.122384422552 -0.618973980847 5.35700011253
12.837 -9.993 -1.887 -0.18589385806 -0.568167485484 5.41600012779
12.851 -10.048 -1.651 -0.0513607425127 -0.639005235099 5.47600007057
12.835 -10.036 -1.717 -0.0827930226464 -0.562244873934 5.52500009537
12.822 -10.078 -1.758 -0.111497745075 -0.588622020285 5.58600020409
12.829 -10.085 -1.634 -0.0354306267472 -0.559831954244 5.64200019836
12.814 -10.06 -1.642 -0.0383403821888 -0.537550434982 5.70100021362
12.812 -10.054 -1.536 0.021087259161 -0.605775083397 5.75300002098
12.818 -10.054 -1.446 0.074991906779 -0.5977915602 5.80599999428
12.826 -10.073 -1.401 0.0964234404492 -0.562409102306 5.85500001907
12.84 -10.08 -1.436 0.0746882837377 -0.55072251086 5.91200017929
12.853 -10.072 -1.465 0.0507418346882 -0.477827343722 5.97100019455
12.874 -10.059 -1.511 0.026625542582 -0.444739707895 6.02800011635
12.879 -10.078 -1.585 -0.00707478217907 -0.498061755208 6.08800005913
12.869 -10.053 -1.737 -0.0876075142131 -0.522246849095 6.14500021935
12.873 -10.049 -1.728 -0.0828285040376 -0.522539086469 6.20100021362
12.896 -10.031 -1.724 -0.0727660601408 -0.471241058024 6.25100016594
12.932 -10.025 -1.573 -0.000970435191243 -0.440370930739 6.31100010872
12.946 -10.02 -1.592 -0.0106146539351 -0.500529460957 6.36400008202
12.951 -10.026 -1.545 0.0132841507874 -0.51484864935 6.42200016975
12.956 -10.05 -1.592 -0.0115841616482 -0.546246182009 6.48000001907
12.961 -10.058 -1.548 0.0120927914569 -0.530379158418 6.53900003433
12.97 -10.102 -1.511 0.0361266569991 -0.603441557351 6.59500002861
12.938 -10.084 -1.627 -0.0331646198275 -0.589457767861 6.65600013733
12.926 -10.077 -1.667 -0.0567128048866 -0.587687903981 6.70700001717
12.93 -10.11 -1.638 -0.0453159184509 -0.673291728569 6.76300001144
12.921 -10.073 -1.814 -0.140249396403 -0.565259853527 6.8180000782
12.921 -10.084 -1.82 -0.146397486345 -0.575249611376 6.87900018692
12.913 -10.116 -1.883 -0.194208928263 -0.601714957918 6.94100022316
12.905 -10.154 -1.912 -0.221592793789 -0.624043778674 7.00100016594
12.894 -10.115 -2.012 -0.209180608804 -0.442942947573 7.06300020218
12.908 -10.115 -1.896 -0.147499279496 -0.437456715875 7.12400007248
12.936 -10.115 -1.681 -0.0425847627927 -0.384853123648 7.1740000248
12.941 -10.108 -1.582 -0.00445566363648 -0.397680039839 7.22600007057
12.936 -10.102 -1.547 0.00750662806243 -0.315393680698 7.28299999237
12.906 -10.038 -1.245 0.0392045565813 -0.116046554638 7.34200000763
12.895 -10.002 0.137 0.0728935397226 0.0100493659358 7.39900016785
12.915 -9.935 1.029 0.119583175354 0.198684722584 7.46600008011
12.911 -9.8 1.254 0.174602610374 0.532588619754 7.52600002289
12.929 -9.698 1.264 0.22492025892 0.709978448717 7.57800006866
12.934 -9.622 1.291 0.228762577682 0.796156102754 7.63300013542
12.946 -9.587 1.336 0.181654958393 0.759400524569 7.69600009918
12.967 -9.559 1.295 0.19801612399 0.699682530301 7.75200009346
12.985 -9.579 1.27 0.165101627595 0.532227086472 7.80800008774
13.014 -9.594 1.306 0.131041903922 0.483257200772 7.875
13.004 -9.607 1.401 0.0786109201313 0.458513996354 7.92300009727
12.994 -9.611 1.387 0.0957728862715 0.515200787057 7.97300004959
13.017 -9.599 1.322 0.129037082143 0.507899707282 8.02800011635
13.027 -9.593 1.258 0.162893372657 0.503669003582 8.08900022507
13.014 -9.594 1.25 0.165083554286 0.496830458633 8.14500021935
13.016 -9.597 1.182 0.189538942162 0.462686707633 8.20399999619
13.039 -9.603 1.204 0.183074631534 0.476530877733 8.25500011444
13.054 -9.583 1.053 0.275529065787 0.483690310168 8.31300020218
13.075 -9.567 1.045 0.28146860789 0.485053140582 8.37400007248
13.124 -9.574 0.965 0.318461192917 0.459752229774 8.42900013924
13.104 -9.566 1.069 0.277656493534 0.506083956086 8.48500013351
13.103 -9.555 1.148 0.225698763417 0.501630015597 8.54700016975
13.092 -9.526 1.191 0.21634989941 0.54199046929 8.60500001907
13.099 -9.549 1.014 0.290090455617 0.466012103959 8.66600012779
13.116 -9.543 0.901 0.345635747215 0.436451360947 8.72500014305
13.087 -9.544 1.06 0.208715624525 0.372437343144 8.78100013733
13.102 -9.54 1.067 0.213472705614 0.387257634091 8.83900022507
13.106 -9.519 1.122 0.205966092109 0.427695867805 8.89700007439
13.122 -9.515 1.065 0.243309294057 0.439303253516 8.95900011063
13.111 -9.545 1.071 0.21953576516 0.402052129755 9.0110001564
13.102 -9.518 1.181 0.175117312925 0.426266142145 9.06700015068
13.082 -9.505 1.405 0.0760406667193 0.454428888842 9.13900017738
13.054 -9.488 1.619 -0.0248649095468 0.515430593944 9.19400000572
13.039 -9.48 1.623 -0.0274357561471 0.525074713699 9.24700021744
12.973 -9.469 2.011 -0.245841858997 0.521924697481 9.30599999428
12.966 -9.483 1.955 -0.193358525845 0.478260708865 9.3630001545
12.953 -9.471 1.966 -0.199467670921 0.478166672684 9.43099999428
12.934 -9.453 1.935 -0.199131949898 0.522368484787 9.48200011253
12.944 -9.443 1.884 -0.182114954588 0.562320014707 9.54000020027
12.97 -9.448 1.751 -0.100294213633 0.55052277316 9.59900021553
12.918 -9.412 1.873 -0.173843204033 0.55763221465 9.66100001335
12.901 -9.389 1.892 -0.186474409917 0.560444699194 9.72000002861
12.942 -9.468 1.862 -0.1298916645 0.433370744533 9.78000020981
12.942 -9.471 1.917 -0.164320833728 0.455520211524 9.84000015259
12.937 -9.456 1.933 -0.196387775262 0.518281811654 9.89800000191
12.941 -9.456 1.809 -0.120208263218 0.495063891892 9.95500016212
12.92 -9.424 1.914 -0.196449308445 0.549746094552 10.0140001774
12.885 -9.412 2.012 -0.22822179542 0.483262934084 10.0830001831
12.927 -9.44 1.942 -0.159171704656 0.408920471102 10.1360001564
12.924 -9.421 1.89 -0.165204313732 0.499852904003 10.1940000057
12.923 -9.432 1.817 -0.1310266875 0.521391400746 10.2570002079
12.924 -9.414 1.748 -0.0938456794728 0.524037273789 10.3180000782
12.914 -9.405 1.811 -0.125301457008 0.511575287402 10.3760001659
12.894 -9.391 1.837 -0.147145984424 0.539638114729 10.4270000458
12.85 -9.429 1.988 -0.216560089303 0.488603300998 10.4790000916
12.865 -9.44 1.858 -0.131165490848 0.444071844924 10.5430002213
12.854 -9.418 1.904 -0.182432353 0.527096074407 10.5990002155
12.837 -9.422 1.91 -0.171747469724 0.486755768874 10.6579999924
12.821 -9.435 1.979 -0.190922079609 0.441441184303 10.7150001526
12.843 -9.485 1.943 -0.166744463016 0.42711126898 10.7730000019
12.848 -9.479 1.904 -0.174440998651 0.504006904983 10.8330001831
12.835 -9.459 2.013 -0.23899414613 0.50476569843 10.8900001049
12.818 -9.449 2.105 -0.262724913765 0.444108828654 10.9460000992
12.828 -9.469 2.184 -0.287417170564 0.408438116445 10.9970002174
12.808 -9.489 2.298 -0.342011053701 0.384327750815 11.0570001602
12.779 -9.509 2.462 -0.39930074325 0.322630158306 11.1260001659
12.734 -9.545 2.565 -0.500871581345 0.325721468574 11.1760001183
12.711 -9.52 2.536 -0.495765419214 0.343257409405 11.2350001335
12.713 -9.504 2.354 -0.4315178344 0.433415926102 11.2940001488
12.74 -9.551 2.573 -0.395766873863 0.25288901607 11.3470001221
12.738 -9.537 2.465 -0.368686991984 0.296070887024 11.4000000954
12.714 -9.51 2.52 -0.425946219838 0.305112143818 11.4580001831
12.733 -9.523 2.44 -0.297133279391 0.251081959572 11.5170001984
12.762 -9.504 2.251 -0.214034670999 0.264567518842 11.5640001297
12.745 -9.501 2.3 -0.233351849761 0.261170573576 11.623000145
12.774 -9.518 1.944 -0.067410975956 0.172162924059 11.6780002117
12.8 -9.506 1.512 0.00630021672943 0.107029731823 11.737000227
12.869 -9.541 -0.585 0.172373308605 -0.114169431094 11.7890000343
12.979 -9.657 -0.839 0.438949944501 -0.488722572501 11.8410000801
13.023 -9.702 -0.863 0.467045110522 -0.545802067921 11.8920001984
13.05 -9.722 -0.908 0.412386136809 -0.528296954188 11.9560000896
