4.305 -0.272 -0.893 0.604194652739 -0.750530803942 0.47000002861
4.327 -0.313 -0.925 0.581613551913 -0.771787904176 0.529000043869
4.582 -0.748 -0.854 0.630965829043 -0.72406986816 1.32700014114
4.593 -0.765 -0.839 0.628254362291 -0.699492258673 1.375
4.852 -1.202 -1.099 0.512756893166 -1.00495680137 1.86100006104
4.865 -1.229 -1.082 0.529041707831 -0.994732828585 1.92000007629
5.233 -1.599 -1.023 0.508330816774 -0.833223661842 2.42500019073
5.286 -1.632 -0.999 0.522588778009 -0.812096445038 2.47699999809
5.689 -1.938 -1.024 0.318203645594 -0.52275432103 3.28000020981
5.711 -1.995 -1.06 0.370292247429 -0.660758681258 3.33800005913
6.112 -2.321 -0.685 0.685109944905 -0.559710629136 3.94400000572
6.154 -2.345 -0.675 0.660241526452 -0.528473786065 4.0
6.611 -2.639 -0.685 0.7344768359 -0.600041635601 4.68099999428
6.654 -2.682 -0.706 0.712352051065 -0.607349436078 4.74000000954
7.037 -3.077 -0.894 0.54111331949 -0.673548946749 5.41600012779
7.054 -3.109 -0.892 0.514838037742 -0.638224345307 5.47600007057
7.447 -3.47 -0.777 0.694955807888 -0.683380046027 6.02800011635
7.472 -3.511 -0.827 0.688211722436 -0.747995055374 6.08800005913
7.687 -3.988 -1.008 0.448222137712 -0.710503005036 6.70700001717
7.717 -4.016 -1.018 0.451303208978 -0.731495927337 6.76300001144
8.12 -4.389 -0.757 0.598183052545 -0.565137987949 7.52600002289
8.15 -4.423 -0.73 0.62622072215 -0.560415901429 7.57800006866
8.51 -4.81 -0.677 0.615203256558 -0.49444597445 8.14500021935
8.527 -4.851 -0.751 0.541958255157 -0.505899644853 8.20399999619
9.017 -5.181 -0.471 0.921857531075 -0.469432501432 8.78100013733
9.084 -5.212 -0.465 0.955397827083 -0.47931509666 8.83900022507
9.311 -5.669 -0.95 0.451444245733 -0.631291773267 9.43099999428
9.32 -5.711 -0.982 0.410198661438 -0.614241101558 9.48200011253
9.775 -5.97 -0.668 0.474392596915 -0.374297650364 10.3180000782
9.787 -5.991 -0.688 0.450300477576 -0.370137663438 10.3760001659
10.246 -6.234 -0.55 0.576765235105 -0.353617772486 11.1260001659
10.293 -6.254 -0.517 0.631615074194 -0.359126962963 11.1760001183
10.706 -6.597 -0.78 0.700180165415 -0.692661306529 11.7890000343
10.752 -6.618 -0.747 0.710080888352 -0.657540898972 11.8410000801
