-12.951 -11.581 -2.468 -0.490047933998 -0.391116338764 0.0190000534058
-12.975 -11.604 -2.431 -0.467384326341 -0.402212111174 0.0710000991821
-13.002 -11.628 -2.409 -0.466991451084 -0.420104318263 0.128000020981
-13.033 -11.649 -2.333 -0.422655832992 -0.442731654881 0.184000015259
-13.062 -11.669 -2.46 -0.455992751647 -0.369946425566 0.241000175476
-13.079 -11.682 -2.387 -0.404449055301 -0.380267802779 0.297000169754
-13.115 -11.687 -2.476 -0.436542066684 -0.342731533535 0.357000112534
-13.137 -11.703 -2.5 -0.418007096279 -0.312260621324 0.412000179291
-13.151 -11.727 -2.549 -0.429618082984 -0.289269217343 0.47000002861
-12.919 -11.899 -1.87 -0.208366565671 -0.675497327549 0.529000043869
-12.914 -11.965 -1.816 -0.18952914479 -0.757392249624 0.589000225067
-12.913 -12.008 -1.778 -0.153323156177 -0.729343362899 0.644000053406
-12.926 -12.047 -1.775 -0.147572072406 -0.712598043058 0.705000162125
-12.942 -12.088 -1.801 -0.161630401743 -0.689672448423 0.764000177383
-12.933 -12.121 -1.835 -0.187474966189 -0.692997138173 0.819000005722
-12.95 -12.172 -1.886 -0.226055036844 -0.69326138138 0.881000041962
-12.961 -12.199 -1.922 -0.243770853967 -0.665325899721 0.936000108719
-12.977 -12.228 -1.966 -0.254463218888 -0.610002764529 0.992000102997
-12.983 -12.257 -1.85 -0.164037102305 -0.57217118759 1.04400014877
-12.986 -12.295 -1.864 -0.159223211666 -0.527394908681 1.09400010109
-12.893 -12.126 -1.824 -0.151793320561 -0.586624352425 1.15799999237
-12.901 -12.166 -1.807 -0.138430864338 -0.575125622277 1.21800017357
-12.908 -12.184 -1.771 -0.116795728447 -0.575569324944 1.26900005341
-12.913 -12.217 -1.74 -0.0953144711162 -0.557925926694 1.32700014114
-12.919 -12.239 -1.793 -0.130817580928 -0.579006828734 1.375
-12.923 -12.273 -1.822 -0.145419186808 -0.566661425048 1.43200016022
-12.931 -12.304 -1.839 -0.147835680995 -0.537926262666 1.49300003052
-12.948 -12.328 -1.954 -0.203361530597 -0.504453638581 1.55400013924
-12.958 -12.362 -1.914 -0.175119897601 -0.490057616116 1.60900020599
-12.965 -12.393 -1.85 -0.144103659752 -0.502642152159 1.66100001335
