16.32 -14.372 0.499 0.789886607852 0.430491954787 2.63700008392
16.399 -14.395 0.243 0.993506757724 0.246289040758 2.69600009918
16.505 -13.899 1.43 0.072302491954 0.510127612204 4.54600000381
16.453 -13.856 1.469 0.0494101749022 0.483704938883 4.6210000515
15.869 -13.897 -2.863 -0.726561826945 -0.207819369229 7.1740000248
15.814 -13.919 -2.805 -0.751015709835 -0.262786233424 7.22600007057
15.967 -14.457 -1.991 -0.318550670458 -0.71293341684 8.25500011444
15.957 -14.496 -2.012 -0.296645802039 -0.628151752172 8.31300020218
15.628 -14.883 -2.401 -0.517061485472 -0.47268566071 10.0140001774
15.574 -14.904 -2.509 -0.559983367244 -0.410519992217 10.0830001831
