-18.985 -6.758 -1.184 0.225803641623 -0.554371258513 0.0190000534058
-18.921 -6.815 -1.06 0.326153453774 -0.581996321824 0.0710000991821
-18.83 -6.891 -0.839 0.501043760738 -0.557857219828 0.128000020981
-18.765 -6.967 -0.915 0.508386061481 -0.660764184053 0.184000015259
-18.717 -7.021 -0.955 0.529910981856 -0.748904184387 0.241000175476
-18.652 -7.084 -0.875 0.661370302303 -0.791939104911 0.297000169754
-18.586 -7.136 -0.817 0.747687474513 -0.796502980324 0.357000112534
-18.541 -7.175 -0.767 0.777123191654 -0.749041397607 0.412000179291
-18.477 -7.219 -0.714 0.839304033029 -0.727263538026 0.47000002861
-18.414 -7.275 -0.752 0.819344067279 -0.766364609892 0.529000043869
-18.369 -7.313 -0.888 0.697851607446 -0.858052806088 0.589000225067
-18.312 -7.35 -0.852 0.768069970369 -0.877853897592 0.644000053406
-18.237 -7.429 -0.863 0.790806437796 -0.924158671937 0.705000162125
-18.175 -7.506 -0.906 0.730584666813 -0.932083351645 0.764000177383
-18.131 -7.572 -0.998 0.677273711672 -1.05016568438 0.819000005722
-18.096 -7.626 -0.946 0.73054215901 -1.01298903653 0.881000041962
-18.073 -7.658 -0.904 0.758063231814 -0.963166876604 0.936000108719
-18.088 -7.707 -1.036 0.577497748195 -0.97488028245 0.992000102997
-18.088 -7.766 -1.094 0.548440376897 -1.06174623794 1.04400014877
-18.095 -7.82 -1.072 0.52408084132 -0.962074115194 1.09400010109
-18.104 -7.867 -1.183 0.378225304339 -0.925930699113 1.15799999237
-18.107 -7.907 -1.257 0.293711094192 -0.905067367754 1.21800017357
-18.116 -7.953 -1.367 0.18026079665 -0.872234916797 1.26900005341
-18.129 -8.003 -1.469 0.0911267552495 -0.892092806104 1.32700014114
-18.162 -8.042 -1.688 -0.102008822584 -0.866366243177 1.375
-18.215 -8.061 -1.777 -0.177787258297 -0.849937579871 1.43200016022
-18.261 -8.088 -1.889 -0.273308727009 -0.829724417491 1.49300003052
-18.266 -8.144 -1.783 -0.19375431769 -0.899311818662 1.55400013924
-18.262 -8.18 -1.667 -0.0877276350677 -0.909079881999 1.60900020599
-18.279 -8.22 -1.732 -0.146095805241 -0.898416842682 1.66100001335
-18.318 -8.291 -1.836 -0.247954470536 -0.91293570892 1.71400022507
-18.375 -8.318 -1.924 -0.330412379119 -0.896244276872 1.75900006294
-18.39 -8.344 -1.97 -0.363096469996 -0.860714201907 1.81300020218
-18.408 -8.377 -2.006 -0.397688547735 -0.855364995792 1.86100006104
-18.429 -8.427 -2.05 -0.428301949837 -0.824293088283 1.92000007629
-18.439 -8.462 -2.046 -0.426599933218 -0.829106560425 1.98000001907
-18.452 -8.468 -2.081 -0.434295070586 -0.776044997966 2.03600001335
-18.48 -8.489 -2.089 -0.416606600834 -0.730659234778 2.09500002861
-18.499 -8.51 -2.109 -0.425163767592 -0.712178481809 2.14900016785
-18.548 -8.518 -2.067 -0.422503183058 -0.780414081469 2.20200014114
-18.583 -8.524 -2.069 -0.396405781053 -0.728724150035 2.25800013542
-18.597 -8.541 -2.11 -0.423171377411 -0.707233255414 2.31600022316
-18.612 -8.584 -2.102 -0.428454639264 -0.72924098962 2.37400007248
-18.628 -8.62 -2.113 -0.428256248521 -0.710882432614 2.42500019073
-18.647 -8.676 -2.12 -0.447001342475 -0.730382316699 2.47699999809
-18.672 -8.775 -2.131 -0.492037139844 -0.784456339778 2.53600001335
-18.699 -8.797 -2.187 -0.532569378012 -0.752011336111 2.58800005913
-18.707 -8.822 -2.142 -0.47790587857 -0.743627872833 2.63700008392
-18.699 -8.828 -2.049 -0.381674759685 -0.736355067244 2.69600009918
-18.672 -8.938 -1.912 -0.266030879389 -0.749189142748 2.7570002079
-18.622 -9.087 -1.77 -0.166045140229 -0.8224896913 2.81300020218
-18.602 -9.165 -1.76 -0.168024462484 -0.877438988153 2.86600017548
-18.596 -9.23 -1.731 -0.148961970392 -0.921860286866 2.91300010681
-18.578 -9.298 -1.768 -0.189923170732 -0.950564300362 2.96700000763
-18.586 -9.378 -1.745 -0.164500517633 -0.934728357518 3.02600002289
-18.608 -9.441 -1.778 -0.201006115665 -0.956166570123 3.08000016212
-18.635 -9.504 -1.897 -0.329120892293 -0.972899653601 3.12900018692
-18.669 -9.555 -1.895 -0.333723270099 -0.993042973972 3.17900013924
-18.672 -9.618 -1.843 -0.270255356011 -0.968198939602 3.23100018501
-18.721 -9.66 -1.86 -0.295990594864 -0.994773382926 3.28000020981
-18.776 -9.715 -1.985 -0.433289589014 -0.985559583207 3.33800005913
-18.807 -9.74 -1.996 -0.431097575037 -0.952010554331 3.38800001144
-18.85 -9.786 -2.034 -0.456800150699 -0.914615152213 3.44500017166
-18.898 -9.799 -2.142 -0.514295073686 -0.800249942097 3.5
-18.932 -9.814 -2.154 -0.481587913317 -0.729947485609 3.5600001812
-18.949 -9.843 -2.139 -0.473879835716 -0.742249802581 3.61200022697
-18.976 -9.87 -2.157 -0.494243283031 -0.744262351099 3.67000007629
-19.005 -9.878 -2.188 -0.532428679611 -0.750220889759 3.72300004959
-19.036 -9.87 -2.193 -0.520890799228 -0.726242298163 3.77700018883
-19.048 -9.893 -2.168 -0.492682999181 -0.724491729754 3.83000016212
-19.046 -9.916 -2.089 -0.419641429232 -0.73598182302 3.89100003242
-19.061 -9.928 -2.042 -0.403525164265 -0.792031695962 3.94400000572
-19.059 -9.96 -1.995 -0.36280138273 -0.803326076381 4.0
-19.055 -10.011 -2.035 -0.415045899088 -0.828939119146 4.0490000248
-19.068 -10.111 -2.041 -0.441564018406 -0.868840561052 4.10700011253
-19.077 -10.16 -2.108 -0.519987286642 -0.87299669951 4.15600013733
-19.1 -10.202 -2.138 -0.52792120432 -0.82872211564 4.21200013161
-19.142 -10.211 -2.148 -0.519544023728 -0.797851184877 4.26400017738
-19.195 -10.239 -2.199 -0.602043185662 -0.828841535011 4.31200003624
-19.249 -10.273 -2.269 -0.630679514561 -0.751504726634 4.37700009346
-19.264 -10.303 -2.244 -0.55730815602 -0.69883480068 4.42800021172
-19.269 -10.344 -2.136 -0.439359296047 -0.692752739827 4.48400020599
-19.247 -10.376 -2.086 -0.371694120416 -0.656459214502 4.54600000381
-19.25 -10.417 -2.0 -0.312758900329 -0.683390664808 4.6210000515
-19.254 -10.455 -1.947 -0.286013428643 -0.724052719525 4.68099999428
-19.274 -10.47 -1.981 -0.299053615713 -0.687679755998 4.74000000954
-19.286 -10.487 -1.919 -0.262370231549 -0.722794661766 4.79400014877
-19.275 -10.509 -1.901 -0.234645813223 -0.684592660681 4.85199999809
-19.251 -10.518 -1.869 -0.183864664749 -0.598188463547 4.91000008583
-19.247 -10.524 -1.849 -0.175363967313 -0.613996990521 4.96400022507
-19.231 -10.554 -1.856 -0.159233363472 -0.543093849987 5.02500009537
-19.219 -10.574 -1.883 -0.188391690817 -0.583691487956 5.09400010109
-19.226 -10.57 -1.904 -0.198389222997 -0.573199758304 5.14100003242
-19.245 -10.572 -1.951 -0.217229007767 -0.543549611981 5.1970000267
-19.253 -10.585 -1.972 -0.204203686308 -0.481370900603 5.24500012398
-19.254 -10.599 -1.982 -0.201942178547 -0.46310321101 5.30000019073
-19.258 -10.615 -2.052 -0.263724840278 -0.505082877498 5.35700011253
-19.268 -10.608 -2.089 -0.253599117284 -0.444771006039 5.41600012779
-19.272 -10.614 -2.065 -0.237117945957 -0.440085320938 5.47600007057
-19.27 -10.631 -2.087 -0.268130052343 -0.47244932778 5.52500009537
-19.275 -10.649 -2.104 -0.289040874938 -0.489710037185 5.58600020409
-19.293 -10.671 -2.162 -0.322730853853 -0.48075479106 5.64200019836
-19.321 -10.692 -2.216 -0.344792838717 -0.458096832215 5.70100021362
-19.342 -10.713 -2.218 -0.331268705628 -0.438301263411 5.75300002098
-19.368 -10.724 -2.251 -0.401680428876 -0.496515793162 5.80599999428
-19.369 -10.721 -2.241 -0.416061347909 -0.524941752976 5.85500001907
-19.385 -10.747 -2.233 -0.464542954832 -0.595841367376 5.91200017929
-19.401 -10.775 -2.242 -0.516354066273 -0.650143752381 5.97100019455
-19.402 -10.795 -2.208 -0.492784151451 -0.665738856732 6.02800011635
-19.408 -10.793 -2.245 -0.452162687281 -0.565826293336 6.08800005913
-19.376 -10.759 -2.199 -0.396759905164 -0.546225082616 6.14500021935
-19.367 -10.759 -2.165 -0.36571582609 -0.541271126283 6.20100021362
-19.363 -10.751 -2.226 -0.38583530605 -0.50209682123 6.25100016594
-19.367 -10.756 -2.22 -0.370025890337 -0.48755064233 6.31100010872
-19.39 -10.758 -2.274 -0.361455810383 -0.426355803592 6.36400008202
-19.408 -10.753 -2.16 -0.309040410505 -0.462356452659 6.42200016975
-19.419 -10.732 -2.108 -0.285518756731 -0.479351973939 6.48000001907
-19.416 -10.712 -2.115 -0.24696208572 -0.408095074984 6.53900003433
-19.404 -10.703 -2.177 -0.300467098803 -0.433397468569 6.59500002861
-19.419 -10.69 -2.162 -0.298861877564 -0.445198461161 6.65600013733
-19.435 -10.686 -2.243 -0.356426514417 -0.447857917988 6.70700001717
-19.429 -10.688 -2.3 -0.387119693884 -0.433269642379 6.76300001144
-19.439 -10.678 -2.313 -0.372804886552 -0.406486950359 6.8180000782
-19.453 -10.675 -2.431 -0.384223051906 -0.330646870593 6.87900018692
-19.471 -10.683 -2.433 -0.388747544949 -0.333189511108 6.94100022316
-19.486 -10.698 -2.351 -0.389431111706 -0.393498066221 7.00100016594
-19.503 -10.708 -2.357 -0.387296994162 -0.38667355316 7.06300020218
-19.505 -10.706 -2.366 -0.361909046418 -0.354880335834 7.12400007248
-19.5 -10.698 -2.502 -0.432256101255 -0.321560006769 7.1740000248
-19.509 -10.718 -2.503 -0.426116223722 -0.316331046667 7.22600007057
-19.517 -10.725 -2.585 -0.435182370613 -0.270776118636 7.28299999237
-19.435 -10.677 -2.495 -0.278511390241 -0.210232033729 7.34200000763
-19.434 -10.671 -2.309 -0.176859348838 -0.194393455632 7.39900016785
-19.452 -10.692 -2.321 -0.235629262701 -0.252827345404 7.46600008011
-19.453 -10.7 -2.351 -0.334716667262 -0.338212221213 7.52600002289
-19.46 -10.723 -2.19 -0.313818659229 -0.44031900658 7.57800006866
-19.475 -10.733 -2.16 -0.304719293944 -0.455891614868 7.63300013542
-19.477 -10.73 -2.16 -0.29823261781 -0.446186875731 7.69600009918
-19.478 -10.715 -2.191 -0.329669944681 -0.461582630585 7.75200009346
-19.478 -10.719 -2.155 -0.31763910693 -0.480402893906 7.80800008774
-19.507 -10.711 -2.168 -0.325452103093 -0.478578228828 7.875
-19.52 -10.701 -2.217 -0.351399417384 -0.465904023043 7.92300009727
-19.509 -10.715 -2.163 -0.321254988471 -0.477523677134 7.97300004959
-19.515 -10.717 -2.141 -0.314588309091 -0.490581512975 8.02800011635
-19.517 -10.719 -2.105 -0.314536101146 -0.531690190502 8.08900022507
-19.514 -10.707 -2.228 -0.345909288617 -0.448281588094 8.14500021935
-19.514 -10.686 -2.362 -0.379672674842 -0.375289684221 8.20399999619
-19.518 -10.675 -2.379 -0.428575525513 -0.409460375563 8.25500011444
-19.515 -10.684 -2.432 -0.389899553442 -0.334853777554 8.31300020218
-19.507 -10.687 -2.566 -0.431512972802 -0.280003315529 8.37400007248
-19.499 -10.66 -2.673 -0.505632073331 -0.255949275644 8.42900013924
-19.498 -10.647 -2.583 -0.495033791039 -0.309391533425 8.48500013351
-19.505 -10.659 -2.543 -0.487289974666 -0.332367212582 8.54700016975
-19.501 -10.668 -2.486 -0.438026817936 -0.336871917787 8.60500001907
-19.518 -10.664 -2.531 -0.422043762031 -0.295346809386 8.66600012779
-19.518 -10.641 -2.594 -0.433756271365 -0.264503631007 8.72500014305
-19.514 -10.632 -2.523 -0.435147534121 -0.309732146665 8.78100013733
-19.528 -10.632 -2.564 -0.452357369956 -0.294816303061 8.83900022507
-19.541 -10.638 -2.575 -0.46875121035 -0.298206294843 8.89700007439
-19.549 -10.649 -2.551 -0.459361829563 -0.307962752978 8.95900011063
-19.54 -10.646 -2.59 -0.467172092238 -0.287450374435 9.0110001564
-19.54 -10.641 -2.543 -0.495187772159 -0.337754085029 9.06700015068
-19.554 -10.656 -2.431 -0.465707684687 -0.400769260951 9.13900017738
-19.559 -10.666 -2.41 -0.457427579647 -0.410673814941 9.19400000572
-19.565 -10.682 -2.339 -0.412744589766 -0.427188229846 9.24700021744
-19.572 -10.69 -2.339 -0.39385941072 -0.407642180286 9.30599999428
-19.572 -10.693 -2.454 -0.468752871884 -0.384985299706 9.3630001545
-19.576 -10.69 -2.474 -0.525804848069 -0.414514712593 9.43099999428
-19.577 -10.694 -2.409 -0.48314795301 -0.434638666186 9.48200011253
-19.587 -10.711 -2.452 -0.460097180718 -0.37941983615 9.54000020027
-19.56 -10.693 -2.389 -0.343135726342 -0.321329773767 9.59900021553
-19.56 -10.688 -2.333 -0.315989589213 -0.33099884785 9.66100001335
-19.559 -10.691 -2.341 -0.342920699696 -0.35350332209 9.72000002861
-19.564 -10.702 -2.301 -0.348722786509 -0.389510631184 9.78000020981
-19.552 -10.705 -2.141 -0.2889082367 -0.450534987395 9.84000015259
-19.532 -10.702 -2.176 -0.307461495849 -0.444434793655 9.89800000191
-19.517 -10.67 -2.136 -0.245825171081 -0.387600905039 9.95500016212
-19.516 -10.687 -2.06 -0.239559284609 -0.449990084128 10.0140001774
-19.52 -10.725 -1.952 -0.190973062721 -0.476468892134 10.0830001831
-19.464 -10.732 -1.603 -0.0166968758639 -0.518298126396 10.1360001564
-19.456 -10.749 -1.584 -0.00776171220753 -0.5878107577 10.1940000057
-19.45 -10.792 -1.51 0.0406854835599 -0.668384854939 10.2570002079
-19.433 -10.828 -1.469 0.0698646755929 -0.683945942403 10.3180000782
-19.401 -10.866 -1.395 0.131678820832 -0.741309772997 10.3760001659
-19.376 -10.918 -1.401 0.130631401317 -0.761933911564 10.4270000458
-19.405 -10.884 -1.565 0.00344700407618 -0.594681009991 10.4790000916
-19.415 -10.868 -1.607 -0.0193759187637 -0.53495822197 10.5430002213
-19.41 -10.873 -1.564 0.00347421473375 -0.511182194005 10.5990002155
-19.543 -10.78 -2.019 -0.307733377027 -0.639989223209 10.6579999924
-19.559 -10.786 -1.925 -0.262886277759 -0.710888410854 10.7150001526
-19.594 -10.765 -1.933 -0.222625631618 -0.587525448169 10.7730000019
-19.613 -10.764 -1.731 -0.0889546475793 -0.550501290496 10.8330001831
-19.604 -10.719 -1.847 -0.074515601086 -0.262889333581 10.8900001049
-19.615 -10.695 -1.983 -0.0847831953092 -0.193899330628 10.9460000992
-19.625 -10.689 -2.233 -0.155013252893 -0.198826195951 10.9970002174
-19.638 -10.68 -2.602 -0.185919418806 -0.111342686383 11.0570001602
-19.657 -10.642 -2.793 -0.207663640055 -0.0754721194097 11.1260001659
-19.705 -10.601 2.921 -0.402218376638 0.090194170232 11.1760001183
-19.79 -10.539 2.727 -0.721454280592 0.317513752937 11.2350001335
-19.871 -10.474 2.587 -0.885794345528 0.548698330899 11.2940001488
-19.923 -10.416 2.485 -0.866073344468 0.667447709744 11.3470001221
-19.962 -10.394 2.524 -0.847405646987 0.601896084366 11.4000000954
-19.97 -10.446 2.791 -0.824483604918 0.301513870687 11.4580001831
-19.98 -10.487 2.992 -0.751474644819 0.113261200937 11.5170001984
-20.041 -10.461 3.031 -0.823876885782 0.0914880241066 11.5640001297
-20.117 -10.397 2.789 -0.795895315827 0.292865120607 11.623000145
-20.19 -10.35 2.761 -0.820251133762 0.328182547657 11.6780002117
-20.237 -10.332 2.66 -0.74553115397 0.389642050355 11.737000227
-20.32 -10.292 2.574 -0.703333897543 0.448429794612 11.7890000343
-20.399 -10.248 2.6 -0.760685853028 0.457626032807 11.8410000801
-20.525 -10.155 2.679 -0.918168528866 0.457874118737 11.8920001984
-20.629 -10.074 2.697 -0.866482205134 0.412794953402 11.9560000896
