8.323 0.237 -0.999 0.489079007508 -0.760022679503 0.705000162125
8.355 0.176 -1.015 0.510602605896 -0.822082255532 0.764000177383
8.566 -0.28 -0.997 0.481965539113 -0.745686926486 1.21800017357
8.591 -0.315 -1.034 0.463582753526 -0.779021809812 1.26900005341
8.776 -0.818 -1.247 0.262019850446 -0.780731911543 1.92000007629
8.797 -0.879 -1.263 0.253817757808 -0.798421572758 1.98000001907
8.87 -1.376 -1.345 0.178706182554 -0.777952241537 2.69600009918
8.866 -1.411 -1.297 0.213491026939 -0.76016151218 2.7570002079
9.123 -1.848 -1.007 0.480816787667 -0.760484376863 3.38800001144
9.142 -1.883 -1.014 0.448122812741 -0.719881163802 3.44500017166
9.501 -2.244 -0.776 0.791996166109 -0.77724772142 3.94400000572
9.562 -2.268 -0.678 0.878389543092 -0.707418788373 4.0
10.008 -2.521 -0.611 0.934158018018 -0.654292114723 4.48400020599
10.049 -2.548 -0.623 0.841327825649 -0.604450074273 4.54600000381
10.372 -2.97 -0.801 0.583861696368 -0.602370600659 5.35700011253
10.42 -3.012 -0.72 0.619216518944 -0.543094931838 5.41600012779
10.813 -3.364 -0.729 0.545111992217 -0.486849474789 6.08800005913
10.846 -3.403 -0.715 0.602100024143 -0.522779493813 6.14500021935
11.2 -3.815 -0.614 0.810860237965 -0.571566897299 6.76300001144
11.232 -3.853 -0.665 0.774648752448 -0.607439180849 6.8180000782
11.523 -4.287 -0.929 0.596544868699 -0.798224538393 7.46600008011
11.574 -4.291 -0.831 0.677970637161 -0.742805590813 7.52600002289
11.958 -4.699 -0.65 0.799426554419 -0.607727583454 8.08900022507
12.008 -4.728 -0.67 0.768193829507 -0.608604768427 8.14500021935
12.242 -5.178 -0.907 0.576528796174 -0.737055015381 8.72500014305
12.25 -5.219 -0.921 0.568524349156 -0.748173463844 8.78100013733
12.58 -5.617 -0.824 0.775469973459 -0.837775148135 9.24700021744
12.644 -5.664 -0.781 0.868812558428 -0.861203615553 9.30599999428
13.081 -5.962 -0.629 0.627497529819 -0.456557311043 9.95500016212
13.133 -6.009 -0.59 0.702941745951 -0.470658614582 10.0140001774
13.556 -6.322 -0.717 0.543901624366 -0.474159332121 10.6579999924
13.58 -6.344 -0.707 0.518685424388 -0.443126286885 10.7150001526
13.838 -6.817 -0.93 0.434508129662 -0.582620579514 11.4580001831
13.858 -6.834 -0.921 0.409479808896 -0.538872130016 11.5170001984
