20.273 -14.437 2.393 -0.625313862359 0.580898542383 0.128000020981
20.242 -14.398 2.476 -0.695584754792 0.546107346595 0.184000015259
19.835 -14.064 2.441 -0.823566028602 0.694514877467 0.644000053406
19.781 -14.006 2.476 -0.897827452984 0.704889180896 0.705000162125
19.302 -13.696 2.49 -0.826592129887 0.630458773194 1.21800017357
19.279 -13.635 2.418 -0.782074948779 0.690919667357 1.26900005341
18.989 -13.184 2.342 -0.682774511149 0.702438220336 1.75900006294
18.95 -13.15 2.363 -0.673999473653 0.664887524383 1.81300020218
18.506 -12.802 2.394 -0.771304528692 0.715084063162 2.31600022316
18.455 -12.758 2.407 -0.755153749376 0.682071878198 2.37400007248
18.068 -12.371 2.215 -0.671424604634 0.893923701625 2.81300020218
18.002 -12.321 2.238 -0.751951391496 0.954601032933 2.86600017548
17.442 -12.042 2.577 -1.31522115068 0.833016258769 3.23100018501
17.398 -12.041 2.626 -1.26312264829 0.715842335905 3.28000020981
16.921 -11.744 2.61 -1.18198244382 0.695074731057 3.67000007629
16.892 -11.72 2.611 -1.00335389454 0.588681174927 3.72300004959
16.513 -11.386 2.507 -0.962120634828 0.708286809629 4.21200013161
16.467 -11.34 2.463 -0.931789529289 0.7513357798 4.26400017738
16.098 -10.985 2.475 -0.891896446317 0.70167550169 4.68099999428
16.059 -10.95 2.463 -0.885254155578 0.713812615827 4.74000000954
15.677 -10.617 2.342 -0.926733174522 0.95342282292 5.14100003242
15.625 -10.583 2.372 -0.913406537817 0.884979758398 5.1970000267
15.286 -10.212 2.328 -0.884932420213 0.936294598004 5.58600020409
15.237 -10.168 2.27 -0.745243842155 0.886215979858 5.64200019836
14.858 -9.768 2.374 -0.796559811662 0.768686851214 6.14500021935
14.8 -9.713 2.403 -0.817373495287 0.744228495895 6.20100021362
14.412 -9.374 2.368 -0.785350938153 0.767023514883 6.65600013733
14.368 -9.336 2.344 -0.77481558688 0.793946792646 6.70700001717
14.003 -8.974 2.463 -0.962020902147 0.775712435028 7.06300020218
13.966 -8.932 2.378 -0.875977625643 0.838584791337 7.12400007248
13.597 -8.504 2.253 -0.752432701765 0.926284643334 7.57800006866
13.587 -8.447 2.192 -0.681677362011 0.952425549198 7.63300013542
13.257 -8.013 2.24 -0.814066423556 1.02921465111 8.02800011635
13.182 -7.949 2.32 -0.971484669135 1.04448348879 8.08900022507
12.857 -7.562 2.215 -0.923859990616 1.23001203247 8.48500013351
12.81 -7.482 2.184 -0.851928364894 1.21064449984 8.54700016975
12.496 -7.056 2.257 -0.712416888303 0.869889822351 9.0110001564
12.454 -7.017 2.239 -0.686696380512 0.869968784815 9.06700015068
12.092 -6.657 2.446 -0.875399435239 0.730767744028 9.48200011253
12.033 -6.606 2.423 -0.882154862371 0.771515901904 9.54000020027
11.686 -6.218 2.241 -0.734907195203 0.927227374673 9.95500016212
11.616 -6.14 2.259 -0.79554409371 0.967437845935 10.0140001774
11.237 -5.713 2.287 -0.832835837892 0.95687176237 10.3760001659
11.164 -5.674 2.361 -0.863399035524 0.855140513296 10.4270000458
10.805 -5.249 2.288 -0.748091551508 0.857772723471 10.8900001049
10.775 -5.21 2.315 -0.784301480241 0.85173533173 10.9460000992
10.368 -4.884 2.384 -0.775946897258 0.733952550213 11.4000000954
10.33 -4.825 2.34 -0.734454358735 0.758636315044 11.4580001831
10.016 -4.407 2.254 -0.869600777775 1.0683399869 11.8410000801
9.979 -4.341 2.143 -0.748021230574 1.16137579772 11.8920001984
