-11.588 1.182 -0.026 0.558241261293 -0.0145175442277 0.0190000534058
-11.552 1.217 0.041 0.589162461873 0.0241692052661 0.0710000991821
-11.52 1.245 0.177 0.579146015012 0.103592931899 0.128000020981
-11.497 1.285 0.292 0.524614529115 0.157695030518 0.184000015259
-11.503 1.309 0.483 0.426494370881 0.223666411945 0.241000175476
-11.528 1.314 0.505 0.478176954163 0.264342225437 0.297000169754
-11.556 1.337 0.715 0.459978639562 0.399381150495 0.357000112534
-11.571 1.375 0.873 0.45093058882 0.537764314995 0.412000179291
-11.575 1.408 0.923 0.487728236906 0.644518252655 0.47000002861
-11.565 1.46 0.966 0.514634920711 0.744551481353 0.529000043869
-11.559 1.522 1.011 0.508800792846 0.811917228392 0.589000225067
-11.536 1.574 1.06 0.45595192474 0.813611936519 0.644000053406
-11.528 1.629 1.085 0.4392322493 0.831878370815 0.705000162125
-11.529 1.673 1.112 0.408435705644 0.826875741787 0.764000177383
-11.523 1.736 1.136 0.404231758363 0.870365626543 0.819000005722
-11.546 1.814 1.289 0.257525781642 0.889553055298 0.881000041962
-11.556 1.884 1.334 0.209155362112 0.866700023595 0.936000108719
-11.575 1.964 1.531 0.0350332871471 0.879849809911 0.992000102997
-11.607 2.039 1.675 -0.0982635704056 0.939579649815 1.04400014877
-11.649 2.105 1.767 -0.195181191809 0.981990703807 1.09400010109
-11.682 2.155 1.781 -0.201266302504 0.943338306429 1.15799999237
-11.717 2.197 1.824 -0.260981953897 1.00859753995 1.21800017357
-11.75 2.247 1.914 -0.386857667399 1.08258712379 1.26900005341
-11.796 2.3 1.927 -0.39391268093 1.05869209868 1.32700014114
-11.826 2.34 1.894 -0.343633791369 1.02592963693 1.375
-11.839 2.393 1.898 -0.335736061042 0.989194608763 1.43200016022
-11.862 2.461 1.878 -0.31996624819 1.00857139356 1.49300003052
-11.892 2.518 1.928 -0.344011292673 0.921754211795 1.55400013924
-11.919 2.572 1.958 -0.392219013089 0.96181652074 1.60900020599
-11.952 2.618 2.018 -0.449366635319 0.936940034071 1.66100001335
-11.969 2.662 2.014 -0.433833455398 0.91391047083 1.71400022507
-11.964 2.7 1.99 -0.397588001099 0.892217604291 1.75900006294
-11.958 2.737 1.965 -0.350478573496 0.842542340468 1.81300020218
-11.941 2.767 1.962 -0.332862419524 0.807012239662 1.86100006104
-11.958 2.794 1.948 -0.305703720201 0.771640224169 1.92000007629
-11.969 2.834 1.877 -0.247739650914 0.783622441975 1.98000001907
-11.969 2.853 1.853 -0.213419069087 0.736075720175 2.03600001335
-11.971 2.851 1.836 -0.188466932222 0.693910426395 2.09500002861
-11.967 2.845 1.775 -0.135387994472 0.653763400764 2.14900016785
-11.958 2.844 1.905 -0.197972040123 0.570149118296 2.20200014114
-11.958 2.864 1.964 -0.213620825539 0.514991144989 2.25800013542
-11.944 2.857 1.832 -0.113858304571 0.425939769809 2.31600022316
-11.954 2.85 2.062 -0.197797944591 0.369760527094 2.37400007248
-11.972 2.823 2.315 -0.310943308572 0.337678059711 2.42500019073
-11.979 2.803 2.508 -0.325097526032 0.238826962054 2.47699999809
-11.995 2.78 2.524 -0.314250951985 0.223206463375 2.53600001335
-12.013 2.772 2.543 -0.411870139256 0.280925398114 2.58800005913
-12.033 2.758 2.721 -0.519838136166 0.232515062197 2.63700008392
-12.061 2.737 2.708 -0.552938506348 0.255997549155 2.69600009918
-12.075 2.713 2.843 -0.639144440706 0.196725402884 2.7570002079
-12.09 2.61 -2.887 -0.610476449432 -0.158870264018 2.81300020218
-12.122 2.576 -2.817 -0.607212776448 -0.204323592231 2.86600017548
-12.183 2.486 -2.538 -0.750706274924 -0.517554920531 2.91300010681
-12.232 2.433 -2.491 -0.769837671674 -0.585954226336 2.96700000763
-12.278 2.347 -2.313 -0.676203583399 -0.737297021451 3.02600002289
-12.284 2.284 -2.149 -0.553562956225 -0.848237055599 3.08000016212
-12.233 2.163 -1.753 -0.214289615256 -1.16305563419 3.12900018692
-12.211 2.078 -1.849 -0.326558125576 -1.14336889959 3.17900013924
-12.236 2.017 -1.977 -0.468298325547 -1.08874899989 3.23100018501
-12.254 1.962 -2.096 -0.567637296149 -0.979542736516 3.28000020981
-12.252 1.882 -2.048 -0.51982734403 -1.00534863252 3.33800005913
-12.242 1.828 -2.034 -0.486082715742 -0.973245337958 3.38800001144
-12.187 1.78 -1.916 -0.320332955317 -0.890797264919 3.44500017166
-12.178 1.737 -1.985 -0.338383634023 -0.769686698613 3.5
-12.18 1.707 -2.145 -0.421857204564 -0.652105754097 3.5600001812
-12.186 1.67 -2.184 -0.4188931319 -0.595273836455 3.61200022697
-12.195 1.63 -2.126 -0.389039306772 -0.627191495869 3.67000007629
-12.167 1.6 -2.083 -0.299776590583 -0.533167954742 3.72300004959
-12.143 1.574 -2.131 -0.325601232637 -0.519107056152 3.77700018883
-12.129 1.548 -2.111 -0.356308262709 -0.594137723823 3.83000016212
-12.126 1.503 -1.964 -0.257820193104 -0.621545751041 3.89100003242
-12.121 1.453 -1.929 -0.225740894368 -0.603015467518 3.94400000572
-12.121 1.42 -1.771 -0.119477277233 -0.588783996794 4.0
-12.109 1.391 -1.677 -0.0617058559866 -0.57882822236 4.0490000248
-12.076 1.352 -1.523 0.0310809639068 -0.649784080608 4.10700011253
-12.047 1.33 -1.496 0.0493830022387 -0.659001304924 4.15600013733
-12.014 1.296 -1.462 0.0723924788165 -0.662767093097 4.21200013161
-11.988 1.247 -1.453 0.0857133763592 -0.724271793865 4.26400017738
-11.97 1.204 -1.434 0.114406583893 -0.831104574001 4.31200003624
-11.937 1.149 -1.47 0.0906653957934 -0.896442757939 4.37700009346
-11.914 1.094 -1.433 0.125977449449 -0.908435625056 4.42800021172
-11.882 1.034 -1.399 0.160528849291 -0.925202851931 4.48400020599
-11.855 0.973 -1.433 0.128873561713 -0.929319771909 4.54600000381
-11.824 0.9 -1.427 0.136719025722 -0.944220180093 4.6210000515
-11.807 0.873 -1.402 0.152994878495 -0.897762766877 4.68099999428
-11.786 0.847 -1.402 0.138120857074 -0.810483096101 4.74000000954
-11.78 0.836 -1.452 0.0938546425596 -0.786326641119 4.79400014877
-11.777 0.819 -1.465 0.0771472005865 -0.726482244057 4.85199999809
-11.759 0.761 -1.455 0.0887233784171 -0.762774331642 4.91000008583
-11.746 0.731 -1.494 0.0571684739053 -0.742952756097 4.96400022507
-11.738 0.697 -1.557 0.00974985836249 -0.706654742817 5.02500009537
-11.713 0.666 -1.462 0.0763316102014 -0.698830599969 5.09400010109
-11.684 0.622 -1.41 0.112276350564 -0.692223687838 5.14100003242
-11.668 0.585 -1.347 0.156179707003 -0.686175469356 5.1970000267
-11.655 0.56 -1.327 0.16498005442 -0.66325202903 5.24500012398
-11.624 0.537 -1.305 0.175047640605 -0.642995556071 5.30000019073
-11.574 0.531 -1.072 0.320507142191 -0.588366528454 5.35700011253
-11.549 0.52 -1.132 0.303559242564 -0.646819060739 5.41600012779
-11.509 0.494 -1.009 0.40815286551 -0.648422875114 5.47600007057
-11.473 0.467 -0.911 0.461040939084 -0.594294470855 5.52500009537
-11.437 0.439 -0.818 0.518621439714 -0.553589888193 5.58600020409
-11.403 0.429 -0.7 0.581131682952 -0.489480464069 5.64200019836
-11.372 0.414 -0.617 0.584948105899 -0.414956146191 5.70100021362
-11.344 0.407 -0.569 0.622302983563 -0.397999233831 5.75300002098
-11.323 0.39 -0.576 0.621477620119 -0.403628819463 5.80599999428
-11.304 0.381 -0.588 0.605886763165 -0.403922230234 5.85500001907
-11.279 0.379 -0.575 0.57684484403 -0.373821702255 5.91200017929
-11.288 0.372 -0.639 0.497561018856 -0.369683176166 5.97100019455
-11.289 0.341 -0.711 0.498176676197 -0.429064103395 6.02800011635
-11.277 0.32 -0.694 0.484683671921 -0.40329710886 6.08800005913
-11.292 0.31 -0.65 0.466421517151 -0.354575689189 6.14500021935
-11.313 0.303 -0.735 0.447205251381 -0.404256760905 6.20100021362
-11.333 0.297 -0.722 0.386393441454 -0.340262940335 6.25100016594
-11.332 0.285 -0.62 0.415628194735 -0.296720711643 6.31100010872
-11.342 0.289 -0.568 0.471754402631 -0.301050298093 6.36400008202
-11.348 0.286 -0.625 0.467927341881 -0.337602296681 6.42200016975
-11.328 0.279 -0.612 0.497803906914 -0.349408566526 6.48000001907
-11.307 0.305 -0.554 0.464944576342 -0.287625113458 6.53900003433
-11.298 0.317 -0.55 0.410990136742 -0.251980195446 6.59500002861
-11.299 0.308 -0.67 0.404009904175 -0.320078533214 6.65600013733
-11.288 0.304 -0.542 0.432535359571 -0.26045182496 6.70700001717
-11.287 0.297 -0.51 0.44258095825 -0.247561516376 6.76300001144
-11.281 0.305 -0.447 0.462151232294 -0.221536991324 6.8180000782
-11.278 0.298 -0.543 0.380785939985 -0.229809999762 6.87900018692
-11.262 0.292 -0.606 0.327723561416 -0.227106358392 6.94100022316
-11.263 0.286 -0.593 0.32887602325 -0.221632616569 7.00100016594
-11.262 0.269 -0.762 0.355064599709 -0.338825873502 7.06300020218
-11.264 0.258 -0.922 0.311008708014 -0.410135698739 7.12400007248
-11.272 0.254 -0.877 0.322978704385 -0.388317605722 7.1740000248
-11.275 0.262 -0.931 0.291501502067 -0.391683435052 7.22600007057
-11.279 0.259 -1.046 0.238517042193 -0.411983454513 7.28299999237
-11.282 0.248 -1.143 0.197250460344 -0.432608036124 7.34200000763
-11.318 0.255 -1.422 0.0635402218877 -0.423871982875 7.39900016785
-11.317 0.253 -1.418 0.063955478595 -0.415304390487 7.46600008011
-11.33 0.25 -1.209 0.131029126606 -0.346221089157 7.52600002289
-11.36 0.248 -1.496 0.0273378317483 -0.364815138391 7.57800006866
-11.339 0.245 -1.358 0.084597970692 -0.391534811038 7.63300013542
-11.286 0.219 -1.062 0.227642445212 -0.408122647775 7.69600009918
-11.219 0.197 -0.901 0.355581385032 -0.449010209955 7.75200009346
-11.182 0.182 -0.824 0.350423900061 -0.378578726232 7.80800008774
-11.244 0.195 -1.083 0.194886673011 -0.367322007349 7.875
-11.278 0.227 -1.39 0.0704255508354 -0.385276261129 7.92300009727
-11.278 0.254 -1.436 0.0480424062464 -0.354246118289 7.97300004959
-11.246 0.293 -1.329 0.0760134340999 -0.308219077853 8.02800011635
-11.261 0.374 2.924 -0.075247805397 0.0166367667511 8.08900022507
-11.278 0.479 2.158 -0.141514458594 0.212639574477 8.14500021935
-11.326 0.54 2.162 -0.245851291813 0.366231443373 8.20399999619
-11.367 0.576 2.272 -0.316805258725 0.375206935437 8.25500011444
-11.384 0.595 2.296 -0.347897808547 0.392520839999 8.31300020218
-11.419 0.613 2.269 -0.375983291619 0.448013950451 8.37400007248
-11.442 0.621 2.303 -0.378000365385 0.420517210988 8.42900013924
-11.46 0.628 2.366 -0.404167504512 0.396318083656 8.48500013351
-11.478 0.629 2.38 -0.418090345245 0.398643896651 8.54700016975
-11.494 0.622 2.394 -0.396878411254 0.367949903499 8.60500001907
-11.535 0.625 2.465 -0.422273390682 0.339102979124 8.66600012779
-11.557 0.622 2.542 -0.411953907943 0.281586551075 8.72500014305
-11.576 0.628 2.604 -0.504912991712 0.301009932893 8.78100013733
-11.589 0.624 2.637 -0.507594656576 0.280334806364 8.83900022507
-11.611 0.602 2.654 -0.497379214024 0.263760128907 8.89700007439
-11.624 0.584 2.73 -0.476735237238 0.208107340715 8.95900011063
-11.636 0.591 2.606 -0.480795989441 0.285330492773 9.0110001564
-11.647 0.592 2.591 -0.4962317783 0.304647080127 9.06700015068
-11.671 0.594 2.609 -0.491159842794 0.289492080552 9.13900017738
-11.675 0.592 2.622 -0.434376192062 0.248472334497 9.19400000572
-11.66 0.579 2.612 -0.403844309738 0.236398325504 9.24700021744
-11.658 0.572 2.635 -0.375675807442 0.208460162793 9.30599999428
-11.707 0.51 3.064 -0.383338131474 0.0298040598363 9.3630001545
-11.793 0.426 -2.83 -0.513996163305 -0.165550186072 9.43099999428
-11.793 0.43 -3.094 -0.581780493529 -0.0277094018125 9.48200011253
-11.804 0.44 -3.111 -0.553225014469 -0.0169299031789 9.54000020027
-11.829 0.38 -3.037 -0.548542836449 -0.0575836854461 9.59900021553
-11.851 0.319 -2.985 -0.625677630765 -0.0987852901239 9.66100001335
-11.859 0.312 -2.986 -0.632388250845 -0.0991967481043 9.72000002861
-11.935 0.249 -2.774 -0.67688938872 -0.260667556773 9.78000020981
-11.937 0.251 -2.78 -0.582740571856 -0.220405446289 9.84000015259
-11.927 0.265 -2.889 -0.50313902568 -0.129862924739 9.89800000191
-11.922 0.268 -2.971 -0.484282766185 -0.0834259398034 9.95500016212
-11.91 0.284 -3.111 -0.503411334135 -0.0154054949128 10.0140001774
-11.937 0.264 -2.916 -0.496790922117 -0.114013096346 10.0830001831
-11.942 0.255 -2.79 -0.52913608023 -0.194105324049 10.1360001564
-11.913 0.253 -2.566 -0.455192590912 -0.295368720509 10.1940000057
-11.889 0.229 -2.683 -0.468943823004 -0.231516244066 10.2570002079
-11.886 0.202 -2.559 -0.454344722072 -0.299358787286 10.3180000782
-11.896 0.168 -2.484 -0.456246073072 -0.352338180808 10.3760001659
-11.903 0.152 -2.514 -0.503835641566 -0.365499540488 10.4270000458
-11.917 0.128 -2.496 -0.529695421629 -0.399005353631 10.4790000916
-11.928 0.094 -2.412 -0.469056978693 -0.41942334656 10.5430002213
-11.936 0.043 -2.378 -0.493735575364 -0.472659497597 10.5990002155
-11.936 -0.001 -2.413 -0.531732513908 -0.474510787964 10.6579999924
-11.938 -0.004 -2.422 -0.488738469237 -0.428304716298 10.7150001526
-11.92 -0.014 -2.548 -0.477941580543 -0.32250134383 10.7730000019
-11.938 -0.015 -2.777 -0.526526028613 -0.200951452079 10.8330001831
-11.97 0.007 -2.877 -0.551645072539 -0.149465615339 10.8900001049
-11.978 0.014 -2.645 -0.508911963955 -0.27577249052 10.9460000992
-11.958 0.014 -2.789 -0.500781663243 -0.184272327386 10.9970002174
-11.95 0.009 -3.087 -0.458544836574 -0.0250580783794 11.0570001602
-11.932 0.042 2.856 -0.369168524007 0.108394980933 11.1260001659
-11.912 0.062 2.651 -0.428477913568 0.228871328728 11.1760001183
-11.898 0.077 2.712 -0.41950875083 0.192188743027 11.2350001335
-11.907 0.11 2.634 -0.489181264153 0.272083791966 11.2940001488
-11.901 0.124 2.57 -0.478569684071 0.307824553811 11.3470001221
-11.912 0.162 2.564 -0.504598786756 0.328863767279 11.4000000954
-11.923 0.18 2.581 -0.47226060474 0.296473612443 11.4580001831
-11.937 0.181 2.713 -0.49532084407 0.226321387322 11.5170001984
-11.934 0.185 2.634 -0.443587256551 0.246724295623 11.5640001297
-11.931 0.196 2.595 -0.404419898449 0.24605990772 11.623000145
-11.904 0.212 2.559 -0.393505450319 0.259272989594 11.6780002117
-11.892 0.235 2.489 -0.373550980412 0.285506308037 11.737000227
-11.892 0.254 2.572 -0.422319331723 0.270450766459 11.7890000343
-11.88 0.247 2.664 -0.500439507023 0.259004891604 11.8410000801
-11.868 0.253 2.645 -0.498278785719 0.27001051546 11.8920001984
-11.867 0.247 2.622 -0.483245803076 0.276426781717 11.9560000896
