21.013 -12.415 -0.717 0.766213352585 -0.667964931981 0.0190000534058
21.041 -12.475 -0.753 0.734316930073 -0.68821342728 0.0710000991821
21.102 -12.554 -0.825 0.720062938097 -0.779478600991 0.128000020981
21.115 -12.601 -0.823 0.666377967354 -0.718475559257 0.184000015259
21.151 -12.662 -0.904 0.601152633208 -0.763802120707 0.241000175476
21.177 -12.702 -0.892 0.60456000521 -0.749449118437 0.297000169754
21.261 -12.791 -0.835 0.740319051639 -0.817661171883 0.357000112534
21.343 -12.852 -0.781 0.797349817543 -0.790366735687 0.412000179291
21.421 -12.919 -0.723 0.873846616465 -0.771073221229 0.47000002861
21.49 -12.966 -0.661 0.930473850877 -0.723637419843 0.529000043869
21.575 -13.012 -0.595 0.987712839002 -0.668505339281 0.589000225067
21.617 -13.035 -0.605 0.934572120945 -0.64625875296 0.644000053406
21.662 -13.057 -0.569 0.850050790812 -0.543657305842 0.705000162125
21.693 -13.055 -0.567 0.703137290724 -0.447718549576 0.764000177383
21.736 -13.07 -0.55 0.693233725211 -0.425025210954 0.819000005722
21.762 -13.083 -0.576 0.629386071212 -0.408765092557 0.881000041962
21.808 -13.108 -0.55 0.687567847237 -0.42155143163 0.936000108719
21.874 -13.136 -0.496 0.746803213927 -0.404110156157 0.992000102997
21.935 -13.159 -0.511 0.8042469743 -0.45091902742 1.04400014877
22.0 -13.178 -0.507 0.855569679516 -0.475206205749 1.09400010109
22.081 -13.198 -0.476 0.943351629565 -0.486332895475 1.15799999237
22.175 -13.211 -0.489 0.938116833535 -0.499176027357 1.21800017357
22.237 -13.234 -0.488 0.944311763774 -0.501261341053 1.26900005341
22.307 -13.262 -0.475 0.949235497524 -0.488165345211 1.32700014114
22.356 -13.29 -0.507 0.882291507108 -0.490048221081 1.375
22.422 -13.354 -0.561 0.875963403946 -0.550405889355 1.43200016022
22.498 -13.4 -0.534 0.93727452374 -0.554213105501 1.49300003052
22.575 -13.431 -0.477 1.00597063318 -0.519889317135 1.55400013924
22.635 -13.463 -0.422 1.04000421325 -0.466934381563 1.60900020599
22.697 -13.485 -0.412 1.0322612151 -0.451109593699 1.66100001335
22.788 -13.553 -0.478 1.06140231223 -0.549882196309 1.71400022507
22.841 -13.584 -0.445 1.12233588751 -0.535245533476 1.75900006294
22.913 -13.632 -0.459 1.20040096873 -0.593242859495 1.81300020218
22.976 -13.666 -0.47 1.20324183881 -0.611205820136 1.86100006104
23.051 -13.709 -0.427 1.20472328254 -0.548143072091 1.92000007629
23.141 -13.749 -0.475 1.24369009987 -0.639595135795 1.98000001907
23.209 -13.799 -0.544 1.18177020193 -0.714829141019 2.03600001335
23.265 -13.84 -0.56 1.14814759663 -0.719830601878 2.09500002861
23.317 -13.876 -0.584 1.10659178859 -0.731347048574 2.14900016785
23.375 -13.928 -0.61 1.10638466428 -0.7732731108 2.20200014114
23.485 -13.934 -0.431 1.3536499318 -0.622451436954 2.25800013542
23.574 -13.917 -0.339 1.37783978516 -0.485843043139 2.31600022316
23.677 -13.934 -0.292 1.43415496012 -0.431095781096 2.37400007248
23.802 -13.96 -0.313 1.56738624416 -0.507266573696 2.42500019073
23.897 -13.968 -0.312 1.54973863843 -0.499843620726 2.47699999809
24.011 -13.976 -0.261 1.62182329693 -0.433176992143 2.53600001335
24.076 -13.999 -0.294 1.57279186122 -0.476200823689 2.58800005913
24.129 -14.114 -0.518 1.46419622697 -0.834458915282 2.63700008392
24.145 -14.182 -0.589 1.33220476745 -0.89005707509 2.69600009918
24.194 -14.14 -0.392 1.2897051277 -0.533157360025 2.7570002079
24.242 -14.288 -0.499 1.31648997261 -0.71749329098 2.81300020218
24.31 -14.331 -0.467 1.30686771791 -0.658919488963 2.86600017548
24.392 -14.351 -0.446 1.30319053833 -0.623096035843 2.91300010681
24.463 -14.392 -0.381 1.31697891789 -0.527545821632 2.96700000763
24.534 -14.42 -0.342 1.37340189305 -0.488915600809 3.02600002289
24.614 -14.464 -0.341 1.37011101484 -0.48620089167 3.08000016212
24.649 -14.5 -0.382 1.29246674119 -0.519227368001 3.12900018692
24.707 -14.527 -0.373 1.26823668593 -0.496284485345 3.17900013924
24.821 -14.548 -0.346 1.32376717501 -0.477220841921 3.23100018501
24.873 -14.575 -0.383 1.26392936195 -0.509231448027 3.28000020981
24.909 -14.621 -0.412 1.15486231902 -0.504687635156 3.33800005913
24.965 -14.629 -0.373 1.07758240517 -0.421677937014 3.38800001144
25.031 -14.657 -0.354 1.08378689515 -0.400533096847 3.44500017166
25.104 -14.668 -0.341 1.06511257413 -0.377968411073 3.5
25.175 -14.687 -0.314 1.0077012658 -0.327244562872 3.5600001812
25.225 -14.686 -0.275 0.946985010183 -0.267190509447 3.61200022697
25.256 -14.687 -0.271 0.844847241012 -0.234728157993 3.67000007629
25.314 -14.713 -0.268 0.857956266307 -0.235600053468 3.72300004959
25.364 -14.732 -0.205 0.882842787205 -0.183561393698 3.77700018883
25.368 -14.737 -0.194 0.811283145076 -0.159393611428 3.83000016212
25.395 -14.732 -0.127 0.792695065463 -0.101217035873 3.89100003242
25.462 -14.754 -0.191 0.804022936756 -0.155463482514 3.94400000572
25.523 -14.767 -0.218 0.884017817341 -0.195827932959 4.0
25.523 -14.778 -0.183 0.832666183788 -0.154102005217 4.0490000248
25.632 -14.823 -0.359 0.926310350698 -0.347608705897 4.10700011253
25.687 -14.855 -0.339 0.937657382319 -0.330629381553 4.15600013733
25.762 -14.922 -0.435 0.923592725879 -0.429181209168 4.21200013161
25.821 -14.932 -0.36 0.90123682071 -0.33922810932 4.26400017738
25.893 -14.945 -0.397 0.897752937186 -0.376393176173 4.31200003624
25.964 -14.999 -0.385 0.966280045905 -0.391557955973 4.37700009346
26.017 -15.053 -0.477 0.921523362019 -0.476246657308 4.42800021172
26.082 -15.07 -0.503 0.91811008894 -0.50514805948 4.48400020599
26.204 -15.142 -0.543 0.978751175391 -0.590690946711 4.54600000381
26.31 -15.201 -0.553 1.08791229852 -0.671503559211 4.6210000515
26.455 -15.254 -0.505 1.33516267749 -0.738094695728 4.68099999428
26.494 -15.261 -0.47 1.15858318326 -0.588520746101 4.74000000954
26.578 -15.271 -0.394 1.14982807546 -0.478027805737 4.79400014877
26.653 -15.278 -0.414 1.0790389953 -0.474124478909 4.85199999809
26.661 -15.291 -0.424 0.978343780447 -0.441603705742 4.91000008583
26.745 -15.294 -0.405 1.04102224925 -0.446285742953 4.96400022507
26.879 -15.338 -0.418 1.13896486678 -0.505900664618 5.02500009537
26.981 -15.395 -0.476 1.17454737428 -0.605522911611 5.09400010109
27.044 -15.423 -0.382 1.22764589616 -0.493186654005 5.14100003242
27.141 -15.466 -0.375 1.27616235772 -0.502331419193 5.1970000267
27.207 -15.471 -0.386 1.23754933317 -0.502923591144 5.24500012398
27.317 -15.549 -0.376 1.32556423716 -0.523308864867 5.30000019073
27.4 -15.55 -0.257 1.3080845023 -0.343780031225 5.35700011253
27.491 -15.578 -0.276 1.36268021524 -0.385949911929 5.41600012779
27.577 -15.607 -0.236 1.43173143213 -0.344304608819 5.47600007057
27.695 -15.668 -0.291 1.45885327469 -0.436929710112 5.52500009537
27.782 -15.692 -0.259 1.45232171429 -0.384794175746 5.58600020409
27.833 -15.701 -0.253 1.36192471138 -0.352111986415 5.64200019836
27.895 -15.701 -0.265 1.30119175487 -0.353120742238 5.70100021362
27.961 -15.713 -0.29 1.28535287959 -0.383565734523 5.75300002098
28.03 -15.74 -0.332 1.27171533951 -0.438437914451 5.80599999428
28.111 -15.792 -0.411 1.24172436863 -0.541169091953 5.85500001907
28.185 -15.821 -0.416 1.28600277949 -0.568134638471 5.91200017929
28.265 -15.855 -0.462 1.24336502988 -0.619123896159 5.97100019455
28.345 -15.927 -0.504 1.23225023678 -0.679595466399 6.02800011635
28.375 -15.933 -0.455 1.09145092577 -0.533977913098 6.08800005913
28.44 -15.942 -0.446 1.08709051913 -0.519771877671 6.14500021935
28.491 -15.962 -0.44 1.01086455729 -0.475895349287 6.20100021362
28.578 -15.976 -0.421 1.07201378603 -0.48001830329 6.25100016594
28.675 -16.009 -0.425 1.14647938375 -0.51887725369 6.31100010872
28.747 -16.036 -0.442 1.16149714766 -0.549650767445 6.36400008202
28.812 -16.053 -0.38 1.1387508641 -0.454831581685 6.42200016975
28.871 -16.068 -0.404 1.07608979565 -0.460045871744 6.48000001907
28.914 -16.107 -0.466 0.999827879794 -0.502857390031 6.53900003433
28.995 -16.152 -0.415 1.00213198606 -0.441528051296 6.59500002861
29.084 -16.178 -0.385 1.03438304833 -0.419154792459 6.65600013733
29.137 -16.192 -0.372 1.03450051395 -0.403626748174 6.70700001717
29.199 -16.215 -0.443 1.02556106693 -0.486578088803 6.76300001144
29.286 -16.238 -0.426 1.12110530848 -0.508744729767 6.8180000782
29.367 -16.257 -0.395 1.18118085533 -0.492448274614 6.87900018692
29.438 -16.278 -0.373 1.17442560151 -0.459574471933 6.94100022316
29.495 -16.293 -0.329 1.17161235728 -0.399997745506 7.00100016594
29.59 -16.327 -0.328 1.21025987943 -0.41184144964 7.06300020218
29.666 -16.384 -0.407 1.23804139274 -0.533681420666 7.12400007248
29.732 -16.438 -0.494 1.20869369483 -0.650926483594 7.1740000248
29.8 -16.464 -0.484 1.21941941694 -0.641055644959 7.22600007057
29.843 -16.485 -0.466 1.11267067839 -0.559610993661 7.28299999237
29.884 -16.508 -0.483 1.03734880107 -0.544016756404 7.34200000763
29.924 -16.546 -0.581 0.917544573891 -0.602458511966 7.39900016785
30.003 -16.543 -0.454 0.989541540162 -0.48289430402 7.46600008011
30.114 -16.527 -0.32 1.10756883505 -0.367036577493 7.52600002289
30.217 -16.505 -0.267 1.17690937111 -0.321921221183 7.57800006866
30.291 -16.507 -0.288 1.10433591954 -0.327144036087 7.63300013542
30.359 -16.533 -0.292 1.0624669314 -0.31936926233 7.69600009918
30.42 -16.556 -0.351 1.03057907241 -0.377359053876 7.75200009346
30.477 -16.577 -0.406 0.966609349812 -0.41552971549 7.80800008774
30.552 -16.614 -0.347 0.969746973464 -0.350691989582 7.875
30.611 -16.64 -0.373 0.992460705384 -0.388368240614 7.92300009727
30.69 -16.716 -0.5 1.05377305768 -0.575678845139 7.97300004959
30.744 -16.777 -0.63 0.99470206342 -0.725251925646 8.02800011635
30.808 -16.819 -0.603 1.01486777038 -0.698787212225 8.08900022507
30.864 -16.873 -0.648 0.987602330385 -0.747667666844 8.14500021935
30.926 -16.911 -0.639 0.997238737972 -0.740939040797 8.20399999619
31.015 -16.942 -0.541 1.09043406415 -0.655121614017 8.25500011444
31.106 -16.962 -0.589 1.09874130269 -0.734078194319 8.31300020218
31.207 -17.01 -0.597 1.11544694739 -0.758215788925 8.37400007248
31.257 -17.041 -0.678 1.0142040368 -0.816798192233 8.42900013924
31.302 -17.081 -0.666 0.94793967275 -0.744856907645 8.48500013351
31.405 -17.117 -0.554 1.17373377536 -0.726097964111 8.54700016975
31.471 -17.163 -0.592 1.09155102017 -0.734020189081 8.60500001907
31.602 -17.158 -0.429 1.41654369048 -0.64794301259 8.66600012779
31.701 -17.162 -0.321 1.50234307676 -0.499528460723 8.72500014305
31.769 -17.186 -0.308 1.42876562566 -0.454524199553 8.78100013733
31.88 -17.239 -0.351 1.42589540236 -0.522108933088 8.83900022507
31.957 -17.28 -0.359 1.36889942052 -0.513695389143 8.89700007439
32.031 -17.311 -0.323 1.30335471751 -0.436261739371 8.95900011063
32.112 -17.308 -0.229 1.19796836476 -0.279232991579 9.0110001564
32.233 -17.305 -0.174 1.18243172967 -0.207844938059 9.06700015068
32.287 -17.323 -0.257 1.10945079152 -0.291576749882 9.13900017738
32.315 -17.352 -0.29 0.986424869648 -0.294361794093 9.19400000572
32.392 -17.338 -0.144 1.0719234586 -0.155432817799 9.24700021744
32.466 -17.371 -0.208 1.06592187503 -0.224965447874 9.30599999428
32.599 -17.466 -0.369 1.12514130421 -0.435106959864 9.3630001545
32.72 -17.45 -0.329 1.24263238726 -0.424244546677 9.43099999428
32.8 -17.478 -0.274 1.2545973227 -0.352628806005 9.48200011253
32.875 -17.522 -0.292 1.29679059812 -0.389805126614 9.54000020027
32.983 -17.564 -0.293 1.33563460444 -0.402938086697 9.59900021553
33.124 -17.556 -0.3 1.36660693702 -0.422741064589 9.66100001335
33.25 -17.549 -0.281 1.36035777582 -0.392650029475 9.72000002861
33.368 -17.594 -0.331 1.41240876963 -0.485363785177 9.78000020981
33.495 -17.612 -0.309 1.51054497037 -0.482204092908 9.84000015259
33.597 -17.688 -0.354 1.57971818682 -0.583813497234 9.89800000191
33.674 -17.733 -0.307 1.54291099553 -0.489138028378 9.95500016212
33.755 -17.746 -0.224 1.54552143776 -0.352105680934 10.0140001774
33.903 -17.728 -0.152 1.63765397498 -0.250858330087 10.0830001831
33.963 -17.726 -0.161 1.6001192851 -0.259868444604 10.1360001564
34.053 -17.748 -0.196 1.57098092561 -0.311916726045 10.1940000057
34.091 -17.823 -0.284 1.49413295804 -0.436122597459 10.2570002079
34.191 -17.831 -0.229 1.5608022708 -0.363805506188 10.3180000782
34.311 -17.829 -0.231 1.57811907791 -0.371171133983 10.3760001659
34.36 -17.871 -0.201 1.55613724601 -0.317065046448 10.4270000458
34.384 -17.889 -0.213 1.46482619376 -0.31681370725 10.4790000916
34.432 -17.91 -0.215 1.40443580689 -0.306693968648 10.5430002213
34.491 -17.928 -0.156 1.49452734806 -0.235056142465 10.5990002155
34.537 -17.95 -0.18 1.44271331032 -0.262529861619 10.6579999924
34.616 -17.96 -0.127 1.39491362012 -0.178112654006 10.7150001526
34.687 -17.987 -0.166 1.37118247623 -0.229730327375 10.7730000019
34.76 -18.016 -0.21 1.35866881036 -0.289589991347 10.8330001831
34.831 -18.052 -0.245 1.38235158477 -0.34561923486 10.8900001049
34.876 -18.075 -0.256 1.29378006484 -0.338637877841 10.9460000992
34.942 -18.092 -0.175 1.31451638042 -0.232417823414 10.9970002174
35.013 -18.106 -0.194 1.30645951955 -0.256681409283 11.0570001602
35.089 -18.122 -0.175 1.27381566311 -0.225221585871 11.1260001659
35.161 -18.136 -0.185 1.23054084097 -0.230283217163 11.1760001183
35.26 -18.147 -0.162 1.26043969995 -0.205996449108 11.2350001335
35.363 -18.15 -0.075 1.41760162945 -0.106519922 11.2940001488
35.43 -18.154 -0.063 1.36763742786 -0.0862753304311 11.3470001221
35.495 -18.157 -0.021 1.32345612429 -0.02779666484 11.4000000954
35.512 -18.178 -0.076 1.18636152276 -0.090337472488 11.4580001831
35.559 -18.18 -0.075 1.11204801775 -0.0835603357455 11.5170001984
35.606 -18.188 -0.116 1.12135201168 -0.130663428805 11.5640001297
35.665 -18.202 -0.154 1.11276517058 -0.172733516153 11.623000145
35.692 -18.213 -0.098 0.998669125188 -0.0981840957197 11.6780002117
35.731 -18.215 -0.085 0.857577646999 -0.0730701621228 11.737000227
35.788 -18.226 -0.144 0.853222705725 -0.123720409602 11.7890000343
35.845 -18.243 -0.123 0.886042022905 -0.109536117403 11.8410000801
35.906 -18.238 -0.114 0.898933928785 -0.102924724569 11.8920001984
35.992 -18.239 -0.132 0.909522304677 -0.120759129305 11.9560000896
