-19.746 1.12 -2.008 -0.274677356198 -0.587709930912 0.0190000534058
-19.756 1.127 -2.006 -0.271183879513 -0.583273517127 0.0710000991821
-19.745 1.222 -2.087 -0.279136438253 -0.491842751155 0.128000020981
-19.742 1.272 -2.087 -0.236127180033 -0.416059768393 0.184000015259
-19.752 1.291 -2.145 -0.276404861165 -0.427265905325 0.241000175476
-19.749 1.355 -2.295 -0.331050953231 -0.374266449558 0.297000169754
-19.775 1.346 -2.306 -0.355093515599 -0.392658078777 0.357000112534
-19.787 1.329 -2.479 -0.435844064551 -0.340075005604 0.412000179291
-19.803 1.319 -2.458 -0.437557852838 -0.356443694538 0.47000002861
-19.815 1.308 -2.485 -0.432933306219 -0.333644194864 0.529000043869
-19.818 1.334 -2.461 -0.417706877307 -0.338193054411 0.589000225067
-19.817 1.349 -2.415 -0.380048263341 -0.337786876235 0.644000053406
-19.827 1.35 -2.504 -0.428569734353 -0.317488171371 0.705000162125
-19.839 1.34 -2.471 -0.422629289139 -0.335237696416 0.764000177383
-19.836 1.343 -2.52 -0.41305686529 -0.29587929137 0.819000005722
-19.849 1.32 -2.567 -0.442577548328 -0.286554459452 0.881000041962
-19.876 1.301 -2.551 -0.492876975497 -0.330431787069 0.936000108719
-19.873 1.292 -2.506 -0.483326906599 -0.356557820813 0.992000102997
-19.873 1.271 -2.381 -0.447314478331 -0.425655568746 1.04400014877
-19.847 1.296 -2.446 -0.450613146487 -0.376163770768 1.09400010109
-19.852 1.284 -2.492 -0.491682966094 -0.373463619311 1.15799999237
-19.858 1.274 -2.501 -0.564793345354 -0.421033906957 1.21800017357
-19.865 1.268 -2.441 -0.479788251901 -0.404606391481 1.26900005341
-19.854 1.3 -2.664 -0.50348126327 -0.260579167288 1.32700014114
-19.849 1.307 -2.622 -0.471268842281 -0.269575707778 1.375
-19.859 1.295 -2.616 -0.458240997413 -0.265785204355 1.43200016022
-19.848 1.302 -2.691 -0.478470342886 -0.231477358423 1.49300003052
-19.85 1.304 -2.806 -0.543726379099 -0.189644001149 1.55400013924
-19.849 1.298 -2.943 -0.568689429587 -0.114446061344 1.60900020599
-19.841 1.295 -3.023 -0.496792908248 -0.0591937544271 1.66100001335
-19.835 1.306 -3.069 -0.510280530549 -0.0371078229814 1.71400022507
-19.83 1.315 -3.062 -0.568292173557 -0.0453276392779 1.75900006294
-19.848 1.335 -3.1 -0.656574670056 -0.0273244412534 1.81300020218
-19.869 1.344 -3.119 -0.685283068964 -0.0154849977365 1.86100006104
-19.889 1.336 -3.066 -0.595317045844 -0.0450875083772 1.92000007629
-19.915 1.325 -3.068 -0.611765629175 -0.0451029094015 1.98000001907
-19.937 1.312 -3.011 -0.618254284847 -0.0812016093689 2.03600001335
-19.932 1.295 -2.925 -0.565576377321 -0.124451913867 2.09500002861
-19.916 1.311 -2.909 -0.338869424461 -0.08027132847 2.14900016785
-19.94 1.276 -2.778 -0.421799150874 -0.160498829064 2.20200014114
-19.954 1.258 -2.882 -0.445404212598 -0.118292862949 2.25800013542
-19.953 1.314 -3.116 -0.526992367124 -0.0134900784864 2.31600022316
-19.958 1.343 3.124 -0.549120012317 0.00966147492335 2.37400007248
-19.964 1.296 -3.106 -0.535619549495 -0.0190721755405 2.42500019073
-19.976 1.275 -2.911 -0.572597900209 -0.134428003897 2.47699999809
-19.979 1.235 -2.816 -0.611553121238 -0.206465120854 2.53600001335
-19.987 1.207 -2.781 -0.553070136481 -0.208551478509 2.58800005913
-19.982 1.198 -2.788 -0.478150390628 -0.176487804298 2.63700008392
-19.983 1.189 -2.762 -0.492052166063 -0.196299521246 2.69600009918
-19.991 1.197 -2.851 -0.470552412872 -0.140722618921 2.7570002079
-20.002 1.175 -2.877 -0.477030355448 -0.129249111723 2.81300020218
-19.995 1.159 -2.797 -0.44783485821 -0.160733597633 2.86600017548
-20.003 1.171 -2.944 -0.451278768385 -0.0903482593136 2.91300010681
-20.02 1.174 -3.049 -0.459414567983 -0.0426603985659 2.96700000763
-20.023 1.161 -2.827 -0.440353192529 -0.143290447097 3.02600002289
-20.023 1.162 -2.852 -0.465011740466 -0.138559185494 3.08000016212
-20.027 1.17 -2.844 -0.470485109973 -0.144298020601 3.12900018692
-20.025 1.182 -2.862 -0.450654157322 -0.129388824128 3.17900013924
-20.04 1.157 -2.856 -0.46772207856 -0.137332200581 3.23100018501
-20.046 1.156 -2.866 -0.474820557474 -0.134273819791 3.28000020981
-20.036 1.24 3.032 -0.371089299758 0.040832264771 3.33800005913
-20.034 1.308 2.697 -0.348340856183 0.165950721947 3.38800001144
-20.022 1.304 2.74 -0.294008663529 0.124857197845 3.44500017166
-20.034 1.302 2.687 -0.354602575273 0.173305630545 3.5
-20.053 1.335 2.645 -0.418392792026 0.22672137903 3.5600001812
-20.057 1.171 3.083 -0.375057273392 0.0220007836169 3.61200022697
-20.084 1.131 -3.034 -0.412146895985 -0.0445158855418 3.67000007629
-20.072 1.198 3.01 -0.445584951919 0.0589765246889 3.72300004959
-20.06 1.264 2.695 -0.463361625794 0.221885130744 3.77700018883
-20.054 1.25 2.66 -0.352005861538 0.183971232988 3.83000016212
-20.062 1.221 2.663 -0.411354611781 0.213420383975 3.89100003242
-20.031 1.311 2.471 -0.415470874521 0.329559503995 3.94400000572
-20.033 1.334 2.483 -0.438466241105 0.339308120522 4.0
-20.054 1.341 2.455 -0.449341409213 0.368290906941 4.0490000248
-20.008 1.369 2.358 -0.287856112858 0.286818531025 4.10700011253
-19.997 1.37 2.255 -0.259273844958 0.317878681528 4.15600013733
-19.998 1.378 2.329 -0.285862864899 0.301849339759 4.21200013161
-19.996 1.394 2.199 -0.258903740697 0.356436513144 4.26400017738
-20.01 1.408 2.159 -0.235362580086 0.352890112612 4.31200003624
-20.011 1.438 2.101 -0.225154316862 0.384097428036 4.37700009346
-19.985 1.447 2.11 -0.243851576883 0.407541610239 4.42800021172
-19.992 1.464 2.171 -0.292645860487 0.427572372237 4.48400020599
-20.004 1.497 2.176 -0.307352261369 0.444276895497 4.54600000381
-19.999 1.518 2.051 -0.228652557942 0.438982219675 4.6210000515
-19.984 1.542 1.946 -0.173968325931 0.44169887678 4.68099999428
-19.973 1.548 1.771 -0.0878117736592 0.432736401916 4.74000000954
-19.957 1.55 1.796 -0.100104459031 0.436966171549 4.79400014877
-19.952 1.569 1.844 -0.14881901494 0.531097651763 4.85199999809
-19.947 1.565 1.802 -0.127875181934 0.543194189673 4.91000008583
-19.93 1.557 1.773 -0.107795751499 0.525819366307 4.96400022507
-19.918 1.571 1.781 -0.109437730391 0.512936353291 5.02500009537
-19.919 1.595 1.875 -0.160550258851 0.511390933029 5.09400010109
-19.914 1.609 1.802 -0.128320877389 0.545087435711 5.14100003242
-19.917 1.646 1.831 -0.145498073489 0.546492901611 5.1970000267
-19.894 1.647 1.86 -0.136618392886 0.459150875803 5.24500012398
-19.88 1.637 1.972 -0.18157305362 0.428023538296 5.30000019073
-19.876 1.641 2.033 -0.184591490127 0.370519532275 5.35700011253
-19.877 1.646 2.107 -0.200131134716 0.33676184463 5.41600012779
-19.863 1.627 2.142 -0.156685417787 0.243804584036 5.47600007057
-19.851 1.601 2.003 -0.0590032676892 0.12790902019 5.52500009537
-19.816 1.558 -0.25 0.136622464936 -0.0348854426786 5.58600020409
-19.794 1.531 -0.382 0.17013801563 -0.0683501642534 5.64200019836
-19.766 1.496 -0.396 0.267263885083 -0.111739325461 5.70100021362
-19.709 1.436 -0.508 0.533408141475 -0.296967452117 5.75300002098
-19.654 1.382 -0.563 0.654340362866 -0.412978164979 5.80599999428
-19.609 1.368 -0.459 0.713351726692 -0.352541216804 5.85500001907
-19.56 1.344 -0.456 0.734520025156 -0.360264971432 5.91200017929
-19.515 1.32 -0.43 0.770674791554 -0.353447661677 5.97100019455
-19.488 1.305 -0.443 0.728641146071 -0.345704246887 6.02800011635
-19.465 1.289 -0.393 0.690852861351 -0.286404213746 6.08800005913
-19.425 1.287 -0.41 0.764616469674 -0.332326177271 6.14500021935
-19.408 1.277 -0.39 0.777994654971 -0.319798526888 6.20100021362
-19.406 1.245 -0.463 0.756122333921 -0.377449275472 6.25100016594
-19.399 1.241 -0.525 0.742036047716 -0.42980218062 6.31100010872
-19.379 1.224 -0.535 0.751375826181 -0.445305360658 6.36400008202
-19.364 1.219 -0.497 0.698724370541 -0.378997540178 6.42200016975
-19.368 1.236 -0.499 0.604900113048 -0.329673436071 6.48000001907
-19.381 1.237 -0.552 0.479162119369 -0.295096970376 6.53900003433
-19.378 1.237 -0.533 0.465830297422 -0.274818455202 6.59500002861
-19.387 1.234 -0.57 0.487320909057 -0.312357377297 6.65600013733
-19.396 1.223 -0.684 0.459167536341 -0.374358655297 6.70700001717
-19.398 1.2 -0.771 0.449280889908 -0.436526015935 6.76300001144
-19.419 1.202 -0.787 0.434587221355 -0.435981731762 6.8180000782
-19.426 1.205 -0.826 0.438097421939 -0.475199337596 6.87900018692
-19.423 1.184 -0.837 0.429390889047 -0.476160524433 6.94100022316
-19.41 1.153 -0.868 0.433905785366 -0.512237165183 7.00100016594
-19.404 1.158 -0.853 0.429247335968 -0.491592824086 7.06300020218
-19.406 1.16 -0.906 0.416637441263 -0.531548005747 7.12400007248
-19.408 1.16 -0.879 0.407122818226 -0.491480216981 7.1740000248
-19.407 1.164 -0.811 0.417327357342 -0.439262421583 7.22600007057
-19.395 1.149 -0.819 0.397609197703 -0.425269856404 7.28299999237
-19.385 1.153 -0.827 0.377963233803 -0.410796010561 7.34200000763
-19.378 1.152 -0.779 0.418325160336 -0.413006094548 7.39900016785
-19.372 1.179 -0.738 0.425308183996 -0.386787489562 7.46600008011
-19.357 1.175 -0.722 0.441057301175 -0.388400624994 7.52600002289
-19.364 1.176 -0.752 0.439578441555 -0.411154940071 7.57800006866
-19.386 1.18 -0.721 0.432078690978 -0.379727475802 7.63300013542
-19.404 1.182 -0.705 0.428055394941 -0.364220285518 7.69600009918
-19.441 1.208 -0.569 0.43327962435 -0.277107716146 7.75200009346
-19.438 1.217 -0.467 0.455097817087 -0.229459200004 7.80800008774
-19.425 1.228 -0.41 0.479146105397 -0.208251848968 7.875
-19.421 1.242 -0.366 0.502880798795 -0.192738376574 7.92300009727
-19.408 1.247 -0.362 0.508451800309 -0.192544561353 7.97300004959
-19.386 1.248 -0.386 0.514428468048 -0.20905688816 8.02800011635
-19.376 1.246 -0.4 0.500489807165 -0.211603696517 8.08900022507
-19.363 1.252 -0.351 0.522747307267 -0.19141028046 8.14500021935
-19.341 1.25 -0.332 0.475879319006 -0.164064653207 8.20399999619
-19.345 1.262 -0.375 0.435144445326 -0.171284418047 8.25500011444
-19.347 1.257 -0.431 0.4444591636 -0.204376507214 8.31300020218
-19.366 1.266 -0.273 0.409903967206 -0.114769263711 8.37400007248
-19.383 1.272 -0.237 0.401350310451 -0.0969418999437 8.42900013924
-19.389 1.27 -0.303 0.414573004205 -0.129606457341 8.48500013351
-19.393 1.258 -0.234 0.441922715898 -0.105339629718 8.54700016975
-19.393 1.261 -0.293 0.446688455661 -0.134758257292 8.60500001907
-19.38 1.259 -0.229 0.475013821048 -0.11072039479 8.66600012779
-19.368 1.251 -0.364 0.476738178862 -0.181626032581 8.72500014305
-19.359 1.26 -0.344 0.552874072994 -0.198063707862 8.78100013733
-19.331 1.25 -0.35 0.629885100127 -0.229926010016 8.83900022507
-19.308 1.24 -0.329 0.583663606212 -0.199267381543 8.89700007439
-19.312 1.215 -0.465 0.46218619336 -0.2318749464 8.95900011063
-19.308 1.188 -0.383 0.473879480582 -0.190923908687 9.0110001564
-19.306 1.193 -0.439 0.44535258898 -0.209119524494 9.06700015068
-19.292 1.2 -0.414 0.474729587563 -0.208593868531 9.13900017738
-19.298 1.182 -0.57 0.474250396418 -0.30397958974 9.19400000572
-19.31 1.186 -0.576 0.464652112415 -0.301775924866 9.24700021744
-19.323 1.182 -0.57 0.453056381269 -0.290394892545 9.30599999428
-19.334 1.167 -0.66 0.41079991034 -0.31882382861 9.3630001545
-19.326 1.147 -0.627 0.449078675234 -0.325370936272 9.43099999428
-19.324 1.142 -0.471 0.424961138118 -0.216400651243 9.48200011253
-19.319 1.148 -0.336 0.400240336668 -0.139781013421 9.54000020027
-19.318 1.147 -0.385 0.402078524837 -0.16293107365 9.59900021553
-19.343 1.157 -0.221 0.392813135814 -0.0882531945974 9.66100001335
-19.362 1.156 -0.308 0.331927728594 -0.105594075361 9.72000002861
-19.366 1.148 -0.333 0.395434498445 -0.136773001135 9.78000020981
-19.388 1.144 -0.36 0.350376373364 -0.131882666082 9.84000015259
-19.382 1.133 -0.378 0.383062478236 -0.152112389532 9.89800000191
-19.369 1.138 -0.361 0.416307760851 -0.157174897344 9.95500016212
-19.336 1.139 -0.249 0.509262220687 -0.129493666273 10.0140001774
-19.314 1.131 -0.272 0.546163201196 -0.152331755523 10.0830001831
-19.302 1.119 -0.292 0.543012328541 -0.163225265349 10.1360001564
-19.301 1.132 -0.323 0.579102075478 -0.193838312262 10.1940000057
-19.295 1.142 -0.312 0.511672152598 -0.16503173828 10.2570002079
-19.286 1.14 -0.299 0.503697134578 -0.155260057667 10.3180000782
-19.288 1.112 -0.423 0.452463878325 -0.203688227482 10.3760001659
-19.258 1.098 -0.483 0.467335844145 -0.245084902802 10.4270000458
-19.225 1.158 -0.418 0.484422316539 -0.215168684338 10.4790000916
-19.195 1.194 -0.309 0.516052660847 -0.164737038683 10.5430002213
-19.238 1.161 -0.424 0.479047496979 -0.216231915734 10.5990002155
-19.229 1.225 -0.296 0.537463488262 -0.163904267135 10.6579999924
-19.227 1.252 -0.257 0.515534265079 -0.135488483684 10.7150001526
-19.241 1.173 -0.507 0.468593171388 -0.260269138033 10.7730000019
-19.248 1.148 -0.554 0.430398532432 -0.266254158069 10.8330001831
-19.258 1.115 -0.581 0.380437930615 -0.249795024782 10.8900001049
-19.275 1.107 -0.557 0.361024751632 -0.224838334538 10.9460000992
-19.305 1.155 -0.308 0.287494912121 -0.0914589436228 10.9970002174
-19.334 1.152 -0.191 0.268578407305 -0.0519315216258 11.0570001602
-19.37 1.047 -0.588 0.339933905722 -0.226621325434 11.1260001659
-19.387 1.037 -0.517 0.340481916122 -0.193592967421 11.1760001183
-19.386 1.035 -0.352 0.382258831039 -0.140402386292 11.2350001335
-19.404 0.968 -0.398 0.421401643152 -0.177173137278 11.2940001488
-19.406 0.958 -0.254 0.402527802763 -0.104499074848 11.3470001221
-19.411 0.967 -0.107 0.418920396694 -0.0449963346701 11.4000000954
-19.406 0.988 0.029 0.511012044112 0.0148235050348 11.4580001831
-19.4 1.002 0.008 0.562492999744 0.00450003999921 11.5170001984
-19.386 1.012 -0.02 0.565240932969 -0.0113063262097 11.5640001297
-19.374 1.026 -0.077 0.57875902007 -0.0446527281219 11.623000145
-19.356 1.076 0.042 0.618193352419 0.0259793984847 11.6780002117
-19.32 1.11 0.148 0.610471547363 0.091015294437 11.737000227
-19.327 1.106 0.033 0.532633849215 0.0175833002255 11.7890000343
-19.342 1.097 -0.035 0.536137448117 -0.0187724767382 11.8410000801
-19.36 1.087 -0.067 0.566676710778 -0.0380242536149 11.8920001984
-19.369 1.078 -0.015 0.532730062249 -0.007991550309 11.9560000896
