-10.912 0.743 -2.252 -0.233130532871 -0.287583236485 0.0190000534058
-10.92 0.779 -3.016 -0.210691337052 -0.0266012967222 0.0710000991821
-10.927 0.843 2.502 -0.220819727677 0.16427019288 0.128000020981
-10.937 0.916 2.148 -0.282369554072 0.433628091173 0.184000015259
-10.936 0.953 2.226 -0.34089485389 0.443614723245 0.241000175476
-10.932 0.966 2.249 -0.35261055248 0.437647861652 0.297000169754
-10.936 0.988 2.249 -0.367376299349 0.455974589249 0.357000112534
-10.941 1.021 2.184 -0.364010338906 0.517281889934 0.412000179291
-10.913 1.03 2.315 -0.402339645029 0.436932607754 0.47000002861
-10.88 1.054 2.215 -0.313937128824 0.417970742118 0.529000043869
-10.85 1.079 2.189 -0.250545598549 0.35228540345 0.589000225067
-10.838 1.104 2.173 -0.274639005049 0.399546523526 0.644000053406
-10.828 1.106 2.05 -0.218410594978 0.420344441384 0.705000162125
-10.832 1.142 1.94 -0.192386384623 0.497190120585 0.764000177383
-10.843 1.176 1.983 -0.211614849198 0.483963566847 0.819000005722
-10.843 1.206 1.952 -0.187669365199 0.46822632077 0.881000041962
-10.837 1.219 1.927 -0.167018488508 0.448884137721 0.936000108719
-10.842 1.225 2.082 -0.242932710763 0.433081405901 0.992000102997
-10.849 1.235 2.148 -0.248990138768 0.382368130834 1.04400014877
-10.836 1.231 2.093 -0.222859462851 0.38725057291 1.09400010109
-10.837 1.234 1.99 -0.172525094975 0.387159387338 1.15799999237
-10.836 1.238 1.977 -0.146921220191 0.341577842201 1.21800017357
-10.828 1.24 1.852 -0.0892787417767 0.309074867609 1.26900005341
-10.815 1.224 1.905 -0.0602632844298 0.173555106378 1.32700014114
-10.804 1.197 2.007 -0.00681157193982 0.0146123705027 1.375
-10.773 1.125 -1.175 0.175425568383 -0.419832180804 1.43200016022
-10.721 1.042 -1.0 0.430957546113 -0.671176611315 1.49300003052
-10.653 0.972 -0.914 0.604609501137 -0.784204729789 1.55400013924
-10.62 0.939 -0.937 0.554861625923 -0.7549698789 1.60900020599
-10.597 0.922 -0.897 0.552114722184 -0.691481419235 1.66100001335
-10.595 0.907 -0.953 0.480535956289 -0.676251711364 1.71400022507
-10.574 0.899 -0.935 0.435856192956 -0.590566872744 1.75900006294
-10.557 0.876 -0.86 0.50209760725 -0.583214416812 1.81300020218
-10.556 0.875 -0.822 0.525784456927 -0.565754643603 1.86100006104
-10.546 0.867 -0.812 0.551468793033 -0.581618097483 1.92000007629
-10.523 0.853 -0.808 0.558568736488 -0.584406475291 1.98000001907
-10.495 0.85 -0.78 0.595941046077 -0.58954155513 2.03600001335
-10.454 0.845 -0.751 0.570077165203 -0.532147693426 2.09500002861
-10.438 0.837 -0.771 0.550278272893 -0.534656130535 2.14900016785
-10.458 0.876 -0.893 0.379480630641 -0.47139096896 2.20200014114
-10.486 0.897 -1.059 0.239422223004 -0.426230960297 2.25800013542
-10.499 0.909 -0.918 0.260635442285 -0.340866497142 2.31600022316
-10.487 0.924 -0.909 0.268005449933 -0.344043432036 2.37400007248
-10.479 0.919 -0.907 0.279383766994 -0.35717419155 2.42500019073
-10.488 0.909 -0.986 0.247045375465 -0.373154824363 2.47699999809
-10.489 0.915 -0.96 0.275658940186 -0.393739512154 2.53600001335
-10.506 0.927 -0.99 0.246756255411 -0.37597676707 2.58800005913
-10.542 0.943 -1.063 0.23356181675 -0.419721081977 2.63700008392
-10.548 0.943 -1.046 0.249103948741 -0.430269906048 2.69600009918
-10.523 0.95 -1.041 0.234040201015 -0.399629160889 2.7570002079
-10.545 0.956 -1.108 0.228276723541 -0.457526743982 2.81300020218
-10.57 0.952 -1.039 0.289448723593 -0.491981479077 2.86600017548
-10.586 0.954 -1.165 0.253527745603 -0.590089972558 2.91300010681
-10.576 0.967 -1.038 0.324259292202 -0.5498907426 2.96700000763
-10.585 0.955 -1.094 0.300089446043 -0.580954382286 3.02600002289
-10.564 0.955 -1.067 0.329610203313 -0.59794092711 3.08000016212
-10.55 0.942 -1.039 0.348493906287 -0.592341694708 3.12900018692
-10.553 0.919 -1.071 0.326888962795 -0.598656002997 3.17900013924
-10.557 0.895 -1.03 0.35383396251 -0.589219880671 3.23100018501
-10.571 0.897 -0.971 0.345037212241 -0.504559981256 3.28000020981
-10.583 0.904 -0.853 0.387982900967 -0.444334988249 3.33800005913
-10.591 0.904 -0.736 0.410899731753 -0.372185275429 3.38800001144
-10.577 0.915 -0.65 0.476030248599 -0.361880289106 3.44500017166
-10.551 0.902 -0.695 0.473656413734 -0.394923779403 3.5
-10.516 0.883 -0.711 0.478458039923 -0.412081054214 3.5600001812
-10.484 0.879 -0.714 0.456139553176 -0.395248506169 3.61200022697
-10.452 0.876 -0.683 0.477532077537 -0.388536934289 3.67000007629
-10.44 0.893 -0.593 0.497356715689 -0.335173325124 3.72300004959
-10.427 0.902 -0.622 0.504839716075 -0.361936080548 3.77700018883
-10.45 0.899 -0.673 0.461161197301 -0.367614105578 3.83000016212
-10.465 0.893 -0.781 0.400955392771 -0.397443879672 3.89100003242
-10.474 0.89 -0.773 0.432803516541 -0.422202469437 3.94400000572
-10.476 0.895 -0.833 0.41933625108 -0.461287237339 4.0
-10.484 0.899 -0.836 0.431858029867 -0.477934538472 4.0490000248
-10.482 0.901 -0.774 0.49793975975 -0.486716006377 4.10700011253
-10.472 0.896 -0.793 0.482771617422 -0.490167887031 4.15600013733
-10.461 0.893 -0.79 0.512654885644 -0.517395040558 4.21200013161
-10.458 0.922 -0.763 0.535852198421 -0.512370018959 4.26400017738
-10.458 0.933 -0.698 0.6244327504 -0.523821164739 4.31200003624
-10.432 0.936 -0.69 0.624373780131 -0.515318223926 4.37700009346
-10.42 0.942 -0.668 0.600398199299 -0.473716573029 4.42800021172
-10.412 0.943 -0.667 0.598696064646 -0.471402946808 4.48400020599
-10.394 0.936 -0.714 0.532742219207 -0.46162531806 4.54600000381
-10.382 0.944 -0.648 0.489700290815 -0.370729252678 4.6210000515
-10.41 0.93 -0.73 0.384106107084 -0.34374328832 4.68099999428
-10.402 0.92 -0.775 0.364940552616 -0.357428965609 4.74000000954
-10.376 0.93 -0.734 0.416122045857 -0.375403237121 4.79400014877
-10.361 0.924 -0.772 0.415593453082 -0.404603660532 4.85199999809
-10.345 0.912 -0.893 0.38296530299 -0.475719630141 4.91000008583
-10.353 0.886 -0.901 0.356981348408 -0.450778012983 4.96400022507
-10.309 0.885 -0.768 0.456517646521 -0.44090260675 5.02500009537
-10.283 0.884 -0.728 0.457910165368 -0.40814549816 5.09400010109
-10.258 0.886 -0.724 0.528621572116 -0.467391253857 5.14100003242
-10.255 0.872 -0.779 0.494510818742 -0.488223041131 5.1970000267
-10.268 0.884 -0.751 0.526346872562 -0.491326948828 5.24500012398
-10.281 0.895 -0.708 0.559232750008 -0.478735137923 5.30000019073
-10.281 0.902 -0.721 0.507541068429 -0.446046733627 5.35700011253
-10.256 0.892 -0.689 0.501007101542 -0.41265766125 5.41600012779
-10.233 0.887 -0.687 0.51107058253 -0.419233758369 5.47600007057
-10.214 0.887 -0.724 0.524564858895 -0.463804430354 5.52500009537
-10.214 0.861 -0.759 0.485283795478 -0.460315900199 5.58600020409
-10.213 0.85 -0.769 0.375195204438 -0.363087636518 5.64200019836
-10.222 0.851 -0.76 0.365915339122 -0.347784768528 5.70100021362
-10.217 0.847 -0.792 0.366785026002 -0.371660191495 5.75300002098
-10.207 0.842 -0.61 0.467575588612 -0.326797398421 5.80599999428
-10.21 0.839 -0.6 0.454294434528 -0.310799544486 5.85500001907
-10.311 0.809 -1.169 0.218117804174 -0.513324339527 5.91200017929
-10.338 0.774 -1.356 0.114719261318 -0.525844772201 5.97100019455
-10.327 0.737 -1.273 0.152344781931 -0.496361002915 6.02800011635
-10.316 0.698 -1.366 0.0986193250151 -0.474797118246 6.08800005913
-10.326 0.651 -1.417 0.106248504827 -0.685383542348 6.14500021935
-10.336 0.646 -1.38 0.109579782267 -0.567342461748 6.20100021362
-10.359 0.644 -1.323 0.110612521704 -0.437210752656 6.25100016594
-10.356 0.612 -1.345 0.100178707905 -0.436102709237 6.31100010872
-10.354 0.59 -1.38 0.0761954103255 -0.394496966261 6.36400008202
-10.351 0.571 -1.368 0.0781823945401 -0.380222167309 6.42200016975
-10.348 0.551 -1.382 0.0711017106759 -0.372120121255 6.48000001907
-10.299 0.512 -1.154 0.231079153704 -0.52193505949 6.53900003433
-10.267 0.496 -1.085 0.282909409785 -0.535812703359 6.59500002861
-10.214 0.479 -0.966 0.344531334306 -0.498452990668 6.65600013733
-10.169 0.459 -0.897 0.404444655784 -0.506535966795 6.70700001717
-10.157 0.438 -0.871 0.424823226613 -0.504576442306 6.76300001144
-10.152 0.432 -0.822 0.391732402785 -0.421511938982 6.8180000782
-10.18 0.427 -0.818 0.384600598443 -0.410532588873 6.87900018692
-10.151 0.401 -0.749 0.404658671491 -0.3762234385 6.94100022316
-10.164 0.413 -0.716 0.379049642376 -0.329779106288 7.00100016594
-10.229 0.368 -0.637 0.391479319273 -0.289652089249 7.06300020218
-10.265 0.352 -0.362 0.403156842355 -0.152670631356 7.12400007248
-10.291 0.347 -0.175 0.379256594467 -0.0670558340047 7.1740000248
-10.302 0.369 0.029 0.366047023271 0.0106183405166 7.22600007057
-10.306 0.383 0.151 0.369672139052 0.0562486527632 7.28299999237
-10.303 0.396 0.197 0.425295759812 0.0848842066696 7.34200000763
-10.318 0.412 0.512 0.379374433804 0.21320366089 7.39900016785
-10.342 0.45 0.588 0.354776876686 0.23651658359 7.46600008011
-10.34 0.464 0.584 0.381417097958 0.252078744613 7.52600002289
-10.315 0.485 0.489 0.475582772658 0.253059651686 7.57800006866
-10.349 0.458 0.457 0.438655647208 0.215694831409 7.63300013542
-10.368 0.473 0.602 0.380442989853 0.261393598269 7.69600009918
-10.369 0.472 0.581 0.343660213212 0.225646825849 7.75200009346
-10.371 0.479 0.65 0.367371974852 0.279277791401 7.80800008774
-10.343 0.508 0.721 0.406034206806 0.356838575147 7.875
-10.33 0.518 0.561 0.495528841376 0.311362314235 7.92300009727
-10.312 0.545 0.765 0.400932772146 0.38490098321 7.97300004959
-10.292 0.553 0.886 0.36012067142 0.440986517282 8.02800011635
-10.285 0.577 0.912 0.371602220752 0.479995829538 8.08900022507
-10.278 0.675 0.972 0.35673547267 0.52278798356 8.14500021935
-10.301 0.663 0.928 0.345335693688 0.461124300884 8.20399999619
-10.305 0.662 0.892 0.324718656608 0.402540870778 8.25500011444
-10.311 0.661 0.998 0.241201381381 0.374001543815 8.31300020218
-10.338 0.664 1.052 0.190297090104 0.333290487681 8.37400007248
-10.351 0.664 1.093 0.172095348323 0.332350316355 8.42900013924
-10.34 0.786 1.38 0.106190710971 0.549795757307 8.48500013351
-10.367 0.78 1.336 0.128929480219 0.538983993483 8.54700016975
-10.368 0.825 1.355 0.134457660071 0.613374702257 8.60500001907
-10.366 0.863 1.38 0.118330758427 0.612650092907 8.66600012779
-10.36 0.907 1.409 0.103658244498 0.635070896808 8.72500014305
-10.373 0.955 1.447 0.0770074161956 0.618868285447 8.78100013733
-10.375 1.001 1.379 0.128790912244 0.663244187017 8.83900022507
-10.379 1.063 1.488 0.0583119367084 0.702671612922 8.89700007439
-10.388 1.164 1.58 -0.00653059501142 0.709543947057 8.95900011063
-10.395 1.242 1.611 -0.0310152097264 0.771036453331 9.0110001564
-10.393 1.327 1.641 -0.0500667921315 0.711992841486 9.06700015068
-10.4 1.392 1.671 -0.0683201343659 0.679529168811 9.13900017738
-10.409 1.436 1.68 -0.071915562386 0.65592537123 9.19400000572
-10.415 1.464 1.776 -0.12981213867 0.623697101663 9.24700021744
-10.434 1.431 1.699 -0.0655846329791 0.50876013682 9.30599999428
-10.441 1.437 1.53 0.0200645125604 0.49154866402 9.3630001545
-10.438 1.453 1.559 0.00572626427605 0.485405225166 9.43099999428
-10.445 1.476 1.655 -0.0448228309882 0.531055760686 9.48200011253
-10.453 1.502 1.593 -0.0108422728794 0.488229625913 9.54000020027
-10.461 1.533 1.682 -0.0582299364152 0.521472967949 9.59900021553
-10.455 1.458 1.684 -0.0392667356117 0.345385054069 9.66100001335
-10.472 1.414 2.109 -0.0412776923 0.0691429667239 9.72000002861
-10.474 1.427 1.403 0.0220428192442 0.130131296561 9.78000020981
-10.452 1.448 1.147 0.0941447750216 0.208684856135 9.84000015259
-10.543 1.118 -1.609 -0.037091479771 -0.970415398427 9.89800000191
-10.547 1.047 -1.614 -0.0437294209861 -1.01153921723 9.95500016212
-10.573 0.956 -1.768 -0.217380516615 -1.08798814748 10.0140001774
-10.58 0.875 -1.717 -0.163620776679 -1.11114366907 10.0830001831
-10.587 0.809 -1.685 -0.121285436362 -1.05738884173 10.1360001564
-10.607 0.742 -1.752 -0.188296072613 -1.02774219619 10.1940000057
-10.642 0.682 -1.846 -0.283420561404 -1.00372579129 10.2570002079
-10.692 0.637 -1.911 -0.335704531218 -0.948408832002 10.3180000782
-10.736 0.591 -2.002 -0.389623254441 -0.846862234642 10.3760001659
-10.774 0.559 -2.038 -0.426378333704 -0.845229029556 10.4270000458
-10.802 0.524 -2.022 -0.412730031023 -0.851796817308 10.4790000916
-10.828 0.503 -2.105 -0.452238820913 -0.764462152253 10.5430002213
-10.843 0.487 -2.101 -0.410654974801 -0.700548503043 10.5990002155
-10.842 0.479 -2.056 -0.325692172423 -0.617726965905 10.6579999924
-10.869 0.463 -2.109 -0.367753190548 -0.616011826239 10.7150001526
-10.879 0.458 -2.122 -0.366564542616 -0.596270106959 10.7730000019
-10.893 0.437 -2.087 -0.337334203009 -0.59438811896 10.8330001831
-10.893 0.428 -2.036 -0.292406466345 -0.582544972864 10.8900001049
-10.882 0.426 -1.996 -0.2674191894 -0.590552824887 10.9460000992
-10.89 0.442 -1.966 -0.241466903161 -0.578847815861 10.9970002174
-10.915 0.439 -2.113 -0.311148020671 -0.51648904739 11.0570001602
-10.937 0.423 -2.074 -0.253957258047 -0.461346567085 11.1260001659
-10.935 0.413 -2.037 -0.217205241974 -0.431648644094 11.1760001183
-10.934 0.403 -2.094 -0.240620203025 -0.417146955876 11.2350001335
-10.929 0.401 -2.0 -0.187214474238 -0.409071089191 11.2940001488
-10.93 0.402 -2.254 -0.25843881765 -0.317502617431 11.3470001221
-10.935 0.436 -2.279 -0.197531615219 -0.230650745965 11.4000000954
-10.921 0.466 -2.286 -0.230317336149 -0.265153923835 11.4580001831
-10.93 0.495 -2.509 -0.330908280569 -0.242586606514 11.5170001984
-10.936 0.511 -2.686 -0.354113894222 -0.173505708306 11.5640001297
-10.941 0.511 -2.723 -0.342713663561 -0.152468372488 11.623000145
-10.954 0.504 -2.622 -0.431680117252 -0.246930122897 11.6780002117
-10.946 0.49 -2.482 -0.44628201039 -0.346070461442 11.737000227
-10.942 0.49 -2.551 -0.443025376273 -0.297010560599 11.7890000343
-10.94 0.48 -2.643 -0.485187484386 -0.264173197223 11.8410000801
-10.93 0.458 -2.499 -0.44197034549 -0.330850826319 11.8920001984
-10.936 0.439 -2.485 -0.440153877809 -0.339208797448 11.9560000896
