-3.414 -5.95 0.414 0.557878858976 0.245129253399 0.0190000534058
-3.388 -5.923 0.405 0.571163317285 0.24485744237 0.0710000991821
-3.393 -5.932 0.273 0.489681878788 0.137106330207 0.128000020981
-3.378 -5.91 0.451 0.453491588596 0.219620989893 0.184000015259
-3.356 -5.897 0.425 0.448241989078 0.202866772467 0.241000175476
-3.329 -5.885 0.462 0.437760573713 0.217979455324 0.297000169754
-3.305 -5.877 0.429 0.407517792487 0.186403220686 0.357000112534
-3.445 -5.849 1.243 0.143195416419 0.421083100993 0.412000179291
-3.461 -5.835 1.467 0.0518333101152 0.49758052865 0.47000002861
-3.468 -5.816 1.514 0.0294389120542 0.517766764157 0.529000043869
-3.464 -5.772 1.498 0.0378408849046 0.518900052721 0.589000225067
-3.466 -5.717 1.562 0.0054815186864 0.62314389123 0.644000053406
-3.481 -5.683 1.659 -0.0532561774649 0.602219780862 0.705000162125
-3.527 -5.654 1.832 -0.14968262915 0.559957263061 0.764000177383
-3.561 -5.697 1.879 -0.143174532783 0.449742216705 0.819000005722
-3.56 -5.675 1.675 -0.0513718564338 0.491209007359 0.881000041962
-3.591 -5.606 1.837 -0.15736470402 0.577113894985 0.936000108719
-3.575 -5.601 1.645 -0.0397190348752 0.534287674303 0.992000102997
-3.567 -5.577 1.679 -0.0679074011715 0.625137496149 1.04400014877
-3.573 -5.598 1.667 -0.0626788984412 0.649511702382 1.09400010109
-3.647 -5.514 1.809 -0.173309768987 0.713756329562 1.15799999237
-3.643 -5.679 1.826 -0.0963939027796 0.369477765951 1.21800017357
-3.647 -5.656 1.917 -0.136223020366 0.377629163898 1.26900005341
-3.642 -5.645 1.76 -0.0922838506164 0.481914640944 1.32700014114
-3.642 -5.642 1.84 -0.140327860049 0.50861670843 1.375
-3.654 -5.604 1.827 -0.145798416054 0.556566116101 1.43200016022
-3.648 -5.616 1.983 -0.224266725431 0.51289843211 1.49300003052
-3.682 -5.537 1.92 -0.233222203911 0.640498061392 1.55400013924
-3.725 -5.434 1.808 -0.187543120204 0.775757158581 1.60900020599
-3.732 -5.386 1.811 -0.203353980049 0.830244701636 1.66100001335
-3.678 -5.508 1.826 -0.141651540031 0.542950259769 1.71400022507
-3.736 -5.485 1.794 -0.129651359792 0.571187297647 1.75900006294
-3.746 -5.515 1.746 -0.0901339810518 0.509177837593 1.81300020218
-3.759 -5.504 1.921 -0.173314559494 0.474497290559 1.86100006104
-3.767 -5.491 1.783 -0.118040877505 0.547887435445 1.92000007629
-3.788 -5.493 1.772 -0.109014159229 0.534478826874 1.98000001907
-3.797 -5.481 1.86 -0.143518827364 0.482342046968 2.03600001335
-3.882 -5.485 1.777 -0.111639930803 0.533710759208 2.09500002861
-3.834 -5.555 1.729 -0.0560400206331 0.351266862611 2.14900016785
-3.842 -5.535 1.778 -0.0931278454653 0.443000116126 2.20200014114
-3.85 -5.512 1.718 -0.0829556898003 0.559467259619 2.25800013542
-3.859 -5.459 1.704 -0.085820832026 0.640467708518 2.31600022316
-3.9 -5.422 1.872 -0.203564505528 0.655273911669 2.37400007248
-3.911 -5.43 1.888 -0.20735279299 0.631616914564 2.42500019073
-3.933 -5.435 1.994 -0.258186097837 0.573211075573 2.47699999809
-3.961 -5.427 1.922 -0.229237036241 0.625658625322 2.53600001335
-3.965 -5.42 1.833 -0.161674170331 0.602401943098 2.58800005913
-3.952 -5.42 2.028 -0.236596774911 0.480916258123 2.63700008392
-3.952 -5.425 2.112 -0.245043274848 0.407680481628 2.69600009918
-3.938 -5.406 2.007 -0.241465197497 0.517997748612 2.7570002079
-3.99 -5.442 2.254 -0.282446429586 0.346996946871 2.81300020218
-4.031 -5.472 2.231 -0.272532041548 0.351005987593 2.86600017548
-4.064 -5.484 2.205 -0.238997709222 0.324913676837 2.91300010681
-4.082 -5.482 2.062 -0.208280257846 0.389356007129 2.96700000763
-4.084 -5.466 2.086 -0.213752302371 0.377513823343 3.02600002289
-4.105 -5.487 2.277 -0.280712447287 0.329108091718 3.08000016212
-4.117 -5.499 2.372 -0.220309655143 0.21345324049 3.12900018692
-4.123 -5.499 2.124 -0.117008511706 0.189480769466 3.17900013924
-4.164 -5.534 2.853 -0.185516091472 0.0550761578734 3.23100018501
-4.237 -5.611 -2.182 -0.16984575524 -0.24239023929 3.28000020981
-4.265 -5.663 -2.179 -0.277514154402 -0.398584978577 3.33800005913
-4.286 -5.699 -2.138 -0.311435089963 -0.488885736217 3.38800001144
-4.326 -5.738 -2.128 -0.334248576595 -0.536462149723 3.44500017166
-4.348 -5.769 -2.197 -0.384503730092 -0.53158452025 3.5
-4.367 -5.803 -2.243 -0.415169406022 -0.521669680207 3.5600001812
-4.392 -5.823 -2.278 -0.403880898247 -0.472553238752 3.61200022697
-4.418 -5.873 -2.202 -0.407580782348 -0.557596633369 3.67000007629
-4.447 -5.905 -2.182 -0.411015778554 -0.586568753364 3.72300004959
-4.469 -5.942 -2.141 -0.427793742038 -0.66711856463 3.77700018883
-4.503 -5.96 -2.156 -0.469815392905 -0.709014805703 3.83000016212
-4.514 -5.991 -2.111 -0.446156794397 -0.7439585607 3.89100003242
-4.549 -6.02 -2.163 -0.502049078745 -0.746261788259 3.94400000572
-4.571 -6.056 -2.096 -0.441220523511 -0.761391758327 4.0
-4.568 -6.066 -2.063 -0.393143480497 -0.733172831553 4.0490000248
-4.569 -6.088 -2.112 -0.417100120475 -0.693932849648 4.10700011253
-4.546 -6.094 -2.028 -0.326028691595 -0.662699220908 4.15600013733
-4.555 -6.139 -2.04 -0.352116360102 -0.694558219427 4.21200013161
-4.569 -6.166 -2.009 -0.299644712282 -0.639463154037 4.26400017738
-4.563 -6.154 -2.031 -0.289527849644 -0.584075874082 4.31200003624
-4.575 -6.175 -2.128 -0.352955933278 -0.566487075733 4.37700009346
-4.588 -6.17 -2.09 -0.300311392771 -0.525474721626 4.42800021172
-4.6 -6.203 -2.078 -0.329874202812 -0.593626496793 4.48400020599
-4.625 -6.222 -2.033 -0.292080008233 -0.586274849196 4.54600000381
-4.704 -6.24 -2.122 -0.364191598964 -0.592410171801 4.6210000515
-4.734 -6.274 -2.111 -0.400696873987 -0.66815494775 4.68099999428
-4.682 -6.307 -2.041 -0.335797137697 -0.660729048009 4.74000000954
-4.661 -6.34 -1.937 -0.298937232746 -0.77949302991 4.79400014877
-4.621 -6.338 -1.676 -0.0737518953811 -0.698450932767 4.85199999809
-4.582 -6.369 -1.548 0.0154034887894 -0.675583420914 4.91000008583
-4.551 -6.364 -1.517 0.0325318341291 -0.604138742314 4.96400022507
-4.535 -6.38 -1.452 0.067525119835 -0.565734408262 5.02500009537
-4.524 -6.374 -1.478 0.0503255711377 -0.540765308885 5.09400010109
-4.517 -6.38 -1.438 0.0627859058031 -0.470015993891 5.14100003242
-4.532 -6.432 -1.519 0.0272559333227 -0.525742963528 5.1970000267
-4.479 -6.399 -1.396 0.103186666333 -0.584300642525 5.24500012398
-4.507 -6.505 -1.359 0.144735270401 -0.673121247279 5.30000019073
-4.426 -6.474 -1.2 0.274752694323 -0.706705588387 5.35700011253
-4.345 -6.445 -1.158 0.303139456731 -0.692162706109 5.41600012779
-4.504 -6.606 -1.187 0.261016937318 -0.646367298703 5.47600007057
-4.404 -6.486 -1.065 0.271687674747 -0.490541390615 5.52500009537
-4.319 -6.415 -0.982 0.330065148321 -0.494247298566 5.58600020409
-4.267 -6.404 -0.966 0.350034192292 -0.506414286919 5.64200019836
-4.243 -6.408 -0.992 0.345880308275 -0.529314553131 5.70100021362
-4.186 -6.387 -0.933 0.421784606048 -0.569114636938 5.75300002098
-4.15 -6.398 -0.928 0.464748744878 -0.620575700647 5.80599999428
-4.121 -6.429 -0.883 0.508121515835 -0.618425002364 5.85500001907
-4.076 -6.458 -0.884 0.509042342081 -0.620810341606 5.91200017929
-4.02 -6.489 -0.877 0.550951484821 -0.662409498058 5.97100019455
-3.948 -6.56 -0.842 0.67816482481 -0.759633894224 6.02800011635
-3.877 -6.594 -0.733 0.805151601288 -0.724905942688 6.08800005913
-3.873 -6.597 -0.847 0.635730746332 -0.719309459558 6.14500021935
-3.867 -6.573 -0.864 0.561550583978 -0.657573835759 6.20100021362
-3.806 -6.581 -0.729 0.634568895518 -0.56674506874 6.25100016594
-3.752 -6.615 -0.773 0.561111931364 -0.547368110468 6.31100010872
-3.73 -6.633 -0.751 0.567312497242 -0.529566969677 6.36400008202
-3.717 -6.646 -0.671 0.539249062353 -0.428100734817 6.42200016975
-3.709 -6.616 -0.641 0.464489825036 -0.346555545572 6.48000001907
-3.681 -6.613 -0.424 0.489222020006 -0.220824480395 6.53900003433
-3.661 -6.6 -0.389 0.435625960333 -0.178557169231 6.59500002861
-3.657 -6.613 -0.455 0.449988353371 -0.220150843413 6.65600013733
-3.643 -6.628 -0.623 0.42017176102 -0.301871451785 6.70700001717
-3.633 -6.625 -0.539 0.440602791989 -0.263511805792 6.76300001144
-3.625 -6.668 -0.758 0.447658385394 -0.423776688867 6.8180000782
-3.62 -6.718 -0.796 0.416622946354 -0.425551880799 6.87900018692
-3.634 -6.769 -0.997 0.321780807121 -0.497852484445 6.94100022316
-3.643 -6.807 -1.086 0.263805961558 -0.50084434306 7.00100016594
-3.637 -6.845 -1.136 0.251126751599 -0.540709847693 7.06300020218
-3.659 -6.889 -1.24 0.2022961178 -0.589072106217 7.12400007248
-3.65 -6.857 -1.146 0.220465141248 -0.487390506525 7.1740000248
-3.608 -6.797 -0.929 0.293500113713 -0.392726524155 7.22600007057
-3.595 -6.798 -0.815 0.38886611717 -0.412597854912 7.28299999237
-3.607 -6.849 -0.922 0.324667880369 -0.428148423314 7.34200000763
-3.511 -6.774 -0.77 0.463799726906 -0.449731905698 7.39900016785
-3.453 -6.749 -0.64 0.562521786441 -0.418822120959 7.46600008011
-3.48 -6.751 -0.777 0.411130284407 -0.404282156494 7.52600002289
-3.473 -6.76 -0.86 0.369087790365 -0.428716084885 7.57800006866
-3.477 -6.725 -1.038 0.250639405123 -0.425043451097 7.63300013542
-3.482 -6.735 -1.196 0.180209116824 -0.458091186755 7.69600009918
-3.481 -6.747 -1.216 0.182527458042 -0.492686965508 7.75200009346
-3.489 -6.769 -1.385 0.098369414615 -0.523341282821 7.80800008774
-3.509 -6.812 -1.489 0.0457977767859 -0.55865091002 7.875
-3.527 -6.844 -1.667 -0.0599750365252 -0.62149286351 7.92300009727
-3.526 -6.865 -1.499 0.0464538601131 -0.645910675033 7.97300004959
-3.548 -6.948 -1.403 0.127269327831 -0.751343213391 8.02800011635
-3.562 -7.018 -1.368 0.156599632134 -0.761586440016 8.08900022507
-3.525 -7.005 -1.165 0.285234503825 -0.663887970661 8.14500021935
-3.549 -7.036 -1.222 0.209748132979 -0.576761889172 8.20399999619
-3.539 -7.049 -1.205 0.211772885048 -0.552881375941 8.25500011444
-3.521 -7.039 -1.093 0.210819376707 -0.407134110393 8.31300020218
-3.523 -7.046 -1.108 0.204580389485 -0.410033042491 8.37400007248
-3.523 -7.071 -1.186 0.183301231984 -0.452612480378 8.42900013924
-3.53 -7.088 -1.268 0.135536221048 -0.433850832228 8.48500013351
-3.532 -7.112 -1.348 0.118168395973 -0.521582534019 8.54700016975
-3.532 -7.143 -1.37 0.100476785947 -0.493648284091 8.60500001907
-3.564 -7.135 -1.571 -9.74223925039e-05 -0.478326990079 8.66600012779
-3.644 -7.168 -2.043 -0.211809957259 -0.414710852168 8.72500014305
-3.676 -7.193 -2.071 -0.224313314498 -0.41040407401 8.78100013733
-3.759 -7.096 3.094 -0.431166229885 0.0205358523442 8.83900022507
-3.816 -7.071 2.784 -0.521384127425 0.194818785844 8.89700007439
-3.838 -7.018 2.555 -0.478315989462 0.317904104801 8.95900011063
-3.84 -6.988 2.499 -0.482087243648 0.360881594311 9.0110001564
-3.872 -6.974 2.611 -0.555711736659 0.326043522467 9.06700015068
-3.928 -6.977 2.676 -0.560791057702 0.28176031237 9.13900017738
-3.911 -6.937 2.578 -0.513932838819 0.324787904431 9.19400000572
-3.936 -6.947 2.626 -0.518010577099 0.29356919697 9.24700021744
-3.936 -6.918 2.605 -0.543170743536 0.323081970098 9.30599999428
-3.946 -6.881 2.415 -0.509596462527 0.452929308777 9.3630001545
-3.949 -6.847 2.421 -0.506095157372 0.444410759562 9.43099999428
-3.946 -6.825 2.369 -0.455789802187 0.444263530372 9.48200011253
-3.943 -6.812 2.433 -0.41218874948 0.353280605133 9.54000020027
-3.968 -6.776 2.421 -0.468556727686 0.411447626431 9.59900021553
-3.978 -6.749 2.387 -0.445453342007 0.418820519878 9.66100001335
-3.972 -6.743 2.315 -0.366230217514 0.397718509607 9.72000002861
-3.993 -6.709 2.276 -0.371494580299 0.436424489387 9.78000020981
-4.012 -6.672 2.18 -0.350928896442 0.502954989205 9.84000015259
-4.028 -6.64 2.216 -0.353750113511 0.469997599134 9.89800000191
-4.028 -6.632 2.177 -0.324998897222 0.468782438759 9.95500016212
-4.065 -6.55 2.139 -0.332864176814 0.521373459906 10.0140001774
-4.066 -6.502 2.089 -0.332532393583 0.583206948109 10.0830001831
-4.028 -6.473 2.032 -0.330408470671 0.664874266548 10.1360001564
-3.995 -6.391 1.925 -0.298547347495 0.807321900687 10.1940000057
-3.955 -6.251 1.755 -0.191100221529 1.02567938179 10.2570002079
-3.937 -6.207 1.741 -0.186260243749 1.08374953376 10.3180000782
-3.913 -6.107 1.738 -0.192520720534 1.14066431143 10.3760001659
-3.918 -6.003 1.722 -0.174240052353 1.14355797741 10.4270000458
-3.918 -5.997 1.685 -0.127053640174 1.10767710824 10.4790000916
-3.931 -5.96 1.656 -0.089050734347 1.0426209784 10.5430002213
-3.967 -5.944 1.739 -0.160593135857 0.945732888376 10.5990002155
-3.98 -5.906 1.714 -0.129873108209 0.900703922566 10.6579999924
-4.005 -5.874 1.799 -0.192665153947 0.829561650111 10.7150001526
-3.989 -5.823 1.648 -0.0699706187178 0.904510663224 10.7730000019
-4.002 -5.789 1.709 -0.118974625791 0.855376523958 10.8330001831
-4.009 -5.735 1.72 -0.133852225758 0.890443812019 10.8900001049
-4.016 -5.697 1.747 -0.148241687467 0.8325837386 10.9460000992
-4.022 -5.674 1.798 -0.185024492528 0.80029398872 10.9970002174
-4.036 -5.681 1.891 -0.244752882201 0.73806233751 11.0570001602
-4.035 -5.641 1.893 -0.267144384167 0.80022431421 11.1260001659
-4.022 -5.603 1.815 -0.180771760567 0.725476085659 11.1760001183
-4.056 -5.563 1.881 -0.230460825142 0.718949684144 11.2350001335
-4.091 -5.593 1.952 -0.309152052451 0.771319964364 11.2940001488
-4.125 -5.589 1.946 -0.32681524567 0.829771317015 11.3470001221
-4.105 -5.456 1.815 -0.228715050761 0.917882855356 11.4000000954
-4.131 -5.452 1.86 -0.262768921352 0.88312106316 11.4580001831
-4.158 -5.438 1.945 -0.327825761808 0.834784290283 11.5170001984
-4.183 -5.423 1.89 -0.262723455537 0.794913154707 11.5640001297
-4.203 -5.377 1.846 -0.236982680157 0.839267366434 11.623000145
-4.201 -5.332 1.755 -0.16511148524 0.88619178331 11.6780002117
-4.219 -5.319 1.756 -0.158311862355 0.84500298299 11.737000227
-4.248 -5.439 1.907 -0.205695209755 0.588589831455 11.7890000343
-4.281 -5.435 2.028 -0.295600624282 0.600849889784 11.8410000801
-4.285 -5.424 2.087 -0.292775097183 0.515874280582 11.8920001984
-4.415 -5.337 2.22 -0.44367305255 0.584589044723 11.9560000896
