-12.744 -10.144 1.986 -0.257081401289 0.583173245346 0.0190000534058
-12.728 -10.192 2.1 -0.322418450164 0.551286072382 0.0710000991821
-12.72 -10.177 1.971 -0.247451193326 0.584944924198 0.128000020981
-12.707 -10.156 1.79 -0.132753615564 0.595886417516 0.184000015259
-12.687 -10.149 1.752 -0.0979742428358 0.534754985088 0.241000175476
-12.679 -10.13 1.739 -0.094534677196 0.5567146618 0.297000169754
-12.674 -10.109 1.7 -0.0730599820453 0.562313614119 0.357000112534
-12.69 -10.084 1.781 -0.121326082284 0.568657244475 0.412000179291
-12.709 -10.081 1.896 -0.164101551025 0.486696110155 0.47000002861
-12.72 -10.067 1.895 -0.17057995714 0.507585904598 0.529000043869
-12.734 -10.047 1.972 -0.228604576601 0.538891304608 0.589000225067
-12.736 -10.079 1.949 -0.210786217598 0.530504917866 0.644000053406
-12.728 -10.078 1.949 -0.196999836623 0.495807474219 0.705000162125
-12.734 -10.052 1.951 -0.198409668547 0.496459931664 0.764000177383
-12.756 -10.018 1.935 -0.185916020353 0.487700089811 0.819000005722
-12.769 -10.0 1.874 -0.163881801523 0.523835114815 0.881000041962
-12.764 -10.011 1.836 -0.156773095718 0.577217893953 0.936000108719
-12.756 -10.026 1.787 -0.139168301015 0.633629773039 0.992000102997
-12.754 -10.004 1.766 -0.122898239398 0.621572671527 1.04400014877
-12.715 -10.004 1.656 -0.0544994575629 0.638088817383 1.09400010109
-12.712 -9.981 1.651 -0.0535348168028 0.666054003962 1.15799999237
-12.726 -9.95 1.584 -0.00855339465285 0.647766531066 1.21800017357
-12.742 -9.937 1.654 -0.0488089891197 0.585266284169 1.26900005341
-12.741 -9.932 1.726 -0.0898374118144 0.57418042373 1.32700014114
-12.744 -9.916 1.766 -0.1155017208 0.584163886441 1.375
-12.731 -9.939 1.722 -0.0739371983876 0.48525853787 1.43200016022
-12.724 -9.947 1.693 -0.0644753327165 0.524976528725 1.49300003052
-12.73 -9.935 1.672 -0.0609957510713 0.600643865897 1.55400013924
-12.728 -9.922 1.768 -0.14406662093 0.721052550893 1.60900020599
-12.762 -9.901 1.781 -0.152160679931 0.713179485714 1.66100001335
-12.782 -9.889 1.816 -0.175713291469 0.702181636822 1.71400022507
-12.825 -9.891 1.876 -0.19985359673 0.634361008794 1.75900006294
-12.864 -9.895 1.985 -0.257256336257 0.585154718617 1.81300020218
-12.957 -9.868 2.346 -0.524455964014 0.535259598187 1.86100006104
-13.0 -9.847 2.356 -0.521839448767 0.522042473566 1.92000007629
-13.071 -9.849 2.674 -0.53871697791 0.272020331431 1.98000001907
-13.158 -9.919 -3.017 -0.477905513023 -0.0598535457889 2.03600001335
-13.213 -9.973 -2.748 -0.499181096595 -0.207290358922 2.09500002861
-13.235 -10.019 -2.651 -0.518454456124 -0.276932267686 2.14900016785
-13.239 -10.044 -2.627 -0.506012522094 -0.286101453893 2.20200014114
-13.241 -10.051 -2.538 -0.448160179183 -0.308972381969 2.25800013542
-13.237 -10.052 -2.51 -0.406596497696 -0.297448468789 2.31600022316
-13.208 -10.062 -2.391 -0.36884540964 -0.344023615741 2.37400007248
-13.207 -10.08 -2.422 -0.389257845869 -0.341125124654 2.42500019073
-13.179 -10.101 -2.348 -0.37270269837 -0.378861521857 2.47699999809
-13.181 -10.144 -2.209 -0.369397052247 -0.498003835619 2.53600001335
-13.197 -10.179 -2.285 -0.395856243879 -0.456652955644 2.58800005913
-13.2 -10.188 -2.29 -0.373501891854 -0.42653758194 2.63700008392
-13.215 -10.201 -2.309 -0.398768678609 -0.438303216325 2.69600009918
-13.223 -10.226 -2.152 -0.308243766166 -0.469247050187 2.7570002079
-13.238 -10.259 -2.217 -0.347507658223 -0.460744121916 2.81300020218
-13.242 -10.285 -2.217 -0.370151277514 -0.49076623579 2.86600017548
-13.24 -10.291 -2.18 -0.360562128742 -0.516761439163 2.91300010681
-13.24 -10.3 -2.079 -0.335908923044 -0.603065144952 2.96700000763
-13.264 -10.307 -2.165 -0.409504983296 -0.606080480292 3.02600002289
-13.269 -10.318 -2.129 -0.39127929887 -0.62659833873 3.08000016212
-13.261 -10.324 -2.026 -0.327889630444 -0.669860797683 3.12900018692
-13.263 -10.317 -1.996 -0.329910597946 -0.728555179656 3.17900013924
-13.266 -10.314 -2.038 -0.322745524136 -0.639793030262 3.23100018501
-13.267 -10.326 -2.07 -0.346221260181 -0.634955023894 3.28000020981
-13.267 -10.339 -2.076 -0.317312143399 -0.573719898366 3.33800005913
-13.251 -10.343 -2.04 -0.289307734652 -0.570666654024 3.38800001144
-13.235 -10.363 -1.957 -0.23664118858 -0.581965576741 3.44500017166
-13.24 -10.367 -2.005 -0.251943794513 -0.543311667122 3.5
-13.23 -10.392 -1.914 -0.179900633419 -0.503436084415 3.5600001812
-13.215 -10.419 -1.86 -0.155575194843 -0.52286142046 3.61200022697
-13.205 -10.431 -1.888 -0.171595944154 -0.522698051159 3.67000007629
-13.194 -10.45 -1.883 -0.180285215783 -0.558575303402 3.72300004959
-13.188 -10.446 -1.909 -0.195649408797 -0.556269319454 3.77700018883
-13.169 -10.455 -1.821 -0.139417356727 -0.545539070853 3.83000016212
-13.16 -10.48 -1.815 -0.129327925941 -0.519020875739 3.89100003242
-13.161 -10.494 -1.817 -0.127996955984 -0.509335261731 3.94400000572
-13.149 -10.489 -1.684 -0.051667143833 -0.454457417668 4.0
-13.131 -10.496 -1.666 -0.0485035644591 -0.50793139576 4.0490000248
-13.109 -10.514 -1.725 -0.0815402097469 -0.52458461248 4.10700011253
-13.099 -10.529 -1.726 -0.0763736873463 -0.488129335837 4.15600013733
-13.095 -10.532 -1.698 -0.0584701926391 -0.457176165797 4.21200013161
-13.078 -10.538 -1.591 -0.00953487894054 -0.471873676934 4.26400017738
-13.086 -10.535 -1.685 -0.0517418753314 -0.451095228468 4.31200003624
-13.092 -10.547 -1.791 -0.11754417616 -0.525141620086 4.37700009346
-13.079 -10.558 -1.813 -0.138627560047 -0.561123394301 4.42800021172
-13.074 -10.581 -1.901 -0.191562021195 -0.558893218564 4.48400020599
-13.061 -10.611 -1.894 -0.196369743668 -0.586268128703 4.54600000381
-13.055 -10.649 -1.864 -0.182476657295 -0.604417276876 4.6210000515
-13.039 -10.654 -1.83 -0.150382736075 -0.567120261576 4.68099999428
-13.058 -10.619 -1.945 -0.187839654148 -0.47831992065 4.74000000954
-13.078 -10.569 -1.889 -0.145262575205 -0.440995451973 4.79400014877
-13.081 -10.583 -1.762 -0.108811833756 -0.562136580268 4.85199999809
-13.068 -10.614 -1.67 -0.0576404967259 -0.579124578423 4.91000008583
-13.043 -10.626 -1.614 -0.0269016851649 -0.622283783784 4.96400022507
-13.04 -10.621 -1.62 -0.0250899955216 -0.509509615467 5.02500009537
-13.047 -10.618 -1.649 -0.0400805727004 -0.511469976769 5.09400010109
-13.055 -10.614 -1.732 -0.0808674529259 -0.497294782786 5.14100003242
-13.042 -10.638 -1.639 -0.0359573203408 -0.526387313781 5.1970000267
-13.026 -10.646 -1.613 -0.0201939481183 -0.478203807345 5.24500012398
-13.004 -10.649 -1.483 0.038436798056 -0.436669610483 5.30000019073
-12.986 -10.654 -1.463 0.0495086234596 -0.457498989183 5.35700011253
-12.967 -10.649 -1.416 0.0756293584598 -0.484664709917 5.41600012779
-12.955 -10.654 -1.42 0.0810691748378 -0.533525923823 5.47600007057
-12.951 -10.648 -1.368 0.124990683596 -0.607863559177 5.52500009537
-12.915 -10.675 -1.255 0.211267635312 -0.646611203715 5.58600020409
-12.931 -10.665 -1.327 0.1502852929 -0.604176218753 5.64200019836
-12.918 -10.685 -1.268 0.183894367701 -0.588645041539 5.70100021362
-12.974 -10.643 -1.299 0.151927352774 -0.54514230286 5.75300002098
-13.043 -10.62 -1.771 -0.0885239233333 -0.436245875358 5.80599999428
-13.027 -10.645 -1.597 -0.0138912832608 -0.530005988262 5.85500001907
-13.006 -10.674 -1.414 0.0824630796664 -0.52160776824 5.91200017929
-12.986 -10.681 -1.324 0.131923207128 -0.523645784367 5.97100019455
-13.036 -10.669 -1.54 0.0165353522333 -0.536756365819 6.02800011635
-13.02 -10.688 -1.563 0.00438755675273 -0.5627608965 6.08800005913
-12.977 -10.724 -1.468 0.0585126233957 -0.567202907496 6.14500021935
-12.916 -10.748 -1.367 0.0966658279694 -0.467740695608 6.20100021362
-12.967 -10.666 -1.679 -0.0355759122485 -0.327502397714 6.25100016594
-12.9 -10.713 -1.399 0.081461434103 -0.469500351415 6.31100010872
-12.847 -10.755 -1.292 0.158795126158 -0.554739748268 6.36400008202
-12.791 -10.786 -1.309 0.157321100517 -0.587137529147 6.42200016975
-12.872 -10.731 -1.625 -0.0289089734275 -0.532817321843 6.48000001907
-12.842 -10.76 -1.556 0.00786453777534 -0.531480815803 6.53900003433
-12.83 -10.774 -1.449 0.0656138456104 -0.536051290427 6.59500002861
-12.814 -10.793 -1.36 0.126458618698 -0.590996919097 6.65600013733
-12.795 -10.795 -1.349 0.127421447995 -0.565045980267 6.70700001717
-12.781 -10.8 -1.34 0.131159311155 -0.558163911218 6.76300001144
-12.781 -10.8 -1.334 0.129239847169 -0.535545335583 6.8180000782
-12.781 -10.814 -1.338 0.129652324668 -0.546837181177 6.87900018692
-12.78 -10.823 -1.362 0.0986612972253 -0.465637357881 6.94100022316
-12.764 -10.828 -1.276 0.134002245215 -0.44131401788 7.00100016594
-12.748 -10.798 -1.238 0.160451438997 -0.464198999711 7.06300020218
-12.688 -10.8 -1.15 0.24627217626 -0.550294426416 7.12400007248
-12.697 -10.802 -1.248 0.191422421162 -0.572271680691 7.1740000248
-12.659 -10.809 -1.093 0.30587912986 -0.590713383982 7.22600007057
-12.627 -10.826 -1.093 0.304725432927 -0.588485365942 7.28299999237
-12.597 -10.839 -1.034 0.322159082546 -0.54136817995 7.34200000763
-12.534 -10.846 -0.928 0.378678723166 -0.505647011507 7.39900016785
-12.739 -10.833 -1.448 0.0223182849439 -0.180835973803 7.46600008011
-12.77 -10.822 -1.453 0.0261558094766 -0.221014687022 7.52600002289
-12.763 -10.813 -1.412 0.0475731899319 -0.297063818734 7.57800006866
-12.748 -10.82 -1.516 0.0200573054232 -0.365667329123 7.63300013542
-12.744 -10.807 -1.548 0.00732040627608 -0.3210665572 7.69600009918
-12.74 -10.81 -1.662 -0.0247432393612 -0.270543880054 7.75200009346
-12.74 -10.775 -3.105 -0.0298180253554 -0.00109160794519 7.80800008774
-12.732 -10.721 1.337 0.101776621353 0.427361008183 7.875
-12.743 -10.674 1.399 0.111236916141 0.641110383014 7.92300009727
-12.744 -10.615 1.442 0.105221181489 0.812435566557 7.97300004959
-12.736 -10.533 1.365 0.1959317487 0.938587525088 8.02800011635
-12.723 -10.42 1.379 0.214334896285 1.10377643546 8.08900022507
-12.709 -10.336 1.375 0.233414059996 1.17685391017 8.14500021935
-12.7 -10.259 1.387 0.213591957095 1.14899684753 8.20399999619
-12.693 -10.213 1.354 0.25550058351 1.16000621703 8.25500011444
-12.705 -10.188 1.391 0.186650460443 1.02691111753 8.31300020218
-12.733 -10.209 1.475 0.0889316186582 0.925499078253 8.37400007248
-12.749 -10.233 1.536 0.0295602292834 0.849178654403 8.42900013924
-12.754 -10.234 1.662 -0.0725307624015 0.793055169412 8.48500013351
-12.745 -10.205 1.562 0.00614541288966 0.698615971296 8.54700016975
-12.732 -10.191 1.589 -0.0119420604736 0.655952302315 8.60500001907
-12.711 -10.179 1.553 0.00985118837049 0.553493340203 8.66600012779
-12.695 -10.16 1.585 -0.00708811897976 0.499000660491 8.72500014305
-12.703 -10.165 1.633 -0.0193570509286 0.310786765967 8.78100013733
-12.7 -10.238 -2.274 -0.119832785464 -0.141348961825 8.83900022507
-12.741 -10.265 -2.164 -0.199599289605 -0.296051100814 8.89700007439
-12.733 -10.317 -1.982 -0.188501830512 -0.432281178798 8.95900011063
-12.721 -10.361 -1.78 -0.114085196933 -0.537351763821 9.0110001564
-12.686 -10.49 -1.575 -0.00319891442535 -0.760976276395 9.06700015068
-12.677 -10.589 -1.602 -0.0252911842132 -0.810256379057 9.13900017738
-12.662 -10.642 -1.561 0.0077973203734 -0.795917807145 9.19400000572
-12.66 -10.671 -1.468 0.0749961422677 -0.726988938055 9.24700021744
-12.66 -10.694 -1.459 0.0791159911681 -0.70472894951 9.30599999428
-12.636 -10.693 -1.43 0.0960727013419 -0.677837463262 9.3630001545
-12.62 -10.706 -1.381 0.131688616883 -0.685490341878 9.43099999428
-12.594 -10.701 -1.351 0.157017100101 -0.702834301863 9.48200011253
-12.578 -10.691 -1.361 0.133123986108 -0.625202092004 9.54000020027
-12.536 -10.68 -1.156 0.225418416603 -0.511912575712 9.59900021553
-12.507 -10.658 -1.05 0.273558093707 -0.47689801293 9.66100001335
-12.482 -10.659 -1.164 0.200021429312 -0.464272522927 9.72000002861
-12.48 -10.666 -1.174 0.193599927557 -0.462028105801 9.78000020981
-12.47 -10.689 -1.145 0.21451922788 -0.472985487886 9.84000015259
-12.461 -10.707 -1.217 0.180693180991 -0.489237062031 9.89800000191
-12.462 -10.731 -1.238 0.18164396445 -0.52551069114 9.95500016212
-12.475 -10.742 -1.238 0.195957110813 -0.566919782053 10.0140001774
-12.476 -10.757 -1.285 0.168554984172 -0.573627506272 10.0830001831
-12.476 -10.773 -1.318 0.143127061977 -0.55406303895 10.1360001564
-12.484 -10.785 -1.286 0.149545108748 -0.510820939832 10.1940000057
-12.492 -10.783 -1.378 0.0938664936822 -0.480821309602 10.2570002079
-12.506 -10.766 -1.367 0.0950366001962 -0.459857287915 10.3180000782
-12.511 -10.762 -1.39 0.0801728527291 -0.438600714898 10.3760001659
-12.523 -10.751 -1.515 0.0285583080815 -0.511300068892 10.4270000458
-12.526 -10.752 -1.508 0.0345352409338 -0.54923330039 10.4790000916
-12.522 -10.766 -1.491 0.0479896938283 -0.600125282726 10.5430002213
-12.52 -10.765 -1.476 0.0537533885986 -0.565341278428 10.5990002155
-12.521 -10.779 -1.524 0.0283408336607 -0.605178755502 10.6579999924
-12.511 -10.795 -1.438 0.0871281536576 -0.652242333904 10.7150001526
-12.515 -10.799 -1.396 0.113793636938 -0.644363245187 10.7730000019
-12.517 -10.797 -1.343 0.142229700272 -0.613534881148 10.8330001831
-12.51 -10.8 -1.242 0.222062742159 -0.650865812261 10.8900001049
-12.511 -10.786 -1.266 0.207124356676 -0.658374965989 10.9460000992
-12.501 -10.79 -1.285 0.193653333538 -0.659042385158 10.9970002174
-12.495 -10.804 -1.256 0.229801742228 -0.705726940728 11.0570001602
-12.471 -10.839 -1.278 0.233741195508 -0.775362136751 11.1260001659
-12.472 -10.854 -1.379 0.15887916307 -0.818191901186 11.1760001183
-12.489 -10.846 -1.442 0.0929702666161 -0.717843595393 11.2350001335
-12.471 -10.855 -1.409 0.122203078573 -0.748687372414 11.2940001488
-12.463 -10.872 -1.426 0.110164075111 -0.755496359191 11.3470001221
-12.459 -10.882 -1.424 0.112223796572 -0.758987155757 11.4000000954
-12.435 -10.88 -1.455 0.0803947264188 -0.691171084844 11.4580001831
-12.436 -10.888 -1.46 0.0646660723091 -0.581257949131 11.5170001984
-12.443 -10.89 -1.406 0.0864925023785 -0.520085003645 11.5640001297
-12.427 -10.912 -1.393 0.0947361629952 -0.527208873057 11.623000145
-12.404 -10.923 -1.248 0.163509625344 -0.488824284724 11.6780002117
-12.373 -10.909 -1.123 0.209770674671 -0.436712838612 11.737000227
-12.371 -10.881 -1.058 0.249283366899 -0.442748756742 11.7890000343
-12.37 -10.886 -1.232 0.151467467397 -0.429837410955 11.8410000801
-12.369 -10.894 -1.241 0.133779336207 -0.39082788706 11.8920001984
-12.391 -10.892 -1.329 0.11169344385 -0.45289428998 11.9560000896
