-22.722 1.764 -1.621 -0.0331750056429 -0.660253071478 0.184000015259
-22.722 1.732 -1.706 -0.084038848209 -0.617780149318 0.241000175476
-22.407 2.124 0.901 0.368980058901 0.465929378449 2.96700000763
-22.377 2.154 0.826 0.403737265126 0.437929262632 3.02600002289
-22.213 1.66 -1.081 0.44900840929 -0.842217301026 3.28000020981
-22.195 1.626 -0.95 0.544070297533 -0.760818431419 3.33800005913
-22.591 1.94 2.457 -0.572610804186 0.467414003696 5.41600012779
-22.621 1.977 2.481 -0.614055569085 0.477154939068 5.47600007057
-22.379 1.524 -1.476 0.0716379610996 -0.753438947161 6.87900018692
-22.378 1.474 -1.557 0.0106181854206 -0.76958975286 6.94100022316
-22.833 1.228 -2.567 -0.896290759622 -0.580318895764 9.13900017738
-22.871 1.155 -2.387 -0.812623189987 -0.764037969413 9.19400000572
