1.567 -0.98 0.957 0.293586540871 0.416680262144 0.0190000534058
1.576 -0.988 0.976 0.295518870838 0.436819091435 0.0710000991821
1.574 -0.999 1.072 0.221859349144 0.407275214427 0.128000020981
1.584 -0.988 1.143 0.190800942185 0.418463007615 0.184000015259
1.555 -1.001 1.252 0.152621388348 0.46241327881 0.241000175476
1.567 -0.976 1.286 0.136387377884 0.465876344167 0.297000169754
1.571 -0.947 1.374 0.0872911585655 0.437819881464 0.357000112534
1.585 -0.986 1.225 0.140106707621 0.388891501681 0.412000179291
1.58 -0.997 1.268 0.118047051159 0.377868078298 0.47000002861
1.557 -1.01 1.606 -0.0130693744936 0.371096931245 0.529000043869
1.553 -1.002 1.581 -0.00471558655826 0.462129941639 0.589000225067
1.567 -0.977 1.575 -0.00224747044528 0.534641276177 0.644000053406
1.565 -0.947 1.646 -0.0386104486571 0.512443491588 0.705000162125
1.552 -1.007 1.972 -0.176773870803 0.416710388191 0.764000177383
1.545 -0.996 1.984 -0.198596741699 0.452956620161 0.819000005722
1.532 -0.966 2.083 -0.243406838972 0.432911476685 0.881000041962
1.519 -1.015 2.416 -0.34945765027 0.309972979139 0.936000108719
1.507 -1.012 2.117 -0.268606567549 0.441864182833 0.992000102997
1.501 -0.993 2.107 -0.260923353316 0.439057270596 1.04400014877
1.499 -0.981 2.069 -0.275908198478 0.507209977841 1.09400010109
1.471 -0.964 2.138 -0.356440527232 0.559534539265 1.15799999237
1.454 -0.936 2.076 -0.336621720069 0.608632802253 1.21800017357
1.44 -0.917 2.146 -0.3945776706 0.608601769324 1.26900005341
1.419 -0.946 2.268 -0.424303362355 0.506619132677 1.32700014114
1.41 -0.929 2.211 -0.412432640333 0.553704577836 1.375
1.394 -0.926 2.257 -0.438893540755 0.535906756939 1.43200016022
1.364 -0.891 2.226 -0.431831101755 0.561952263309 1.49300003052
1.374 -0.882 2.277 -0.441589770718 0.517721134803 1.55400013924
1.382 -0.893 2.39 -0.459518908946 0.429455231662 1.60900020599
1.412 -0.877 2.412 -0.427183786685 0.38198099921 1.66100001335
1.387 -0.864 2.389 -0.436185090751 0.408465938612 1.71400022507
1.373 -0.877 2.417 -0.436888275669 0.386745019629 1.75900006294
1.368 -0.899 2.52 -0.397789626034 0.284943121772 1.81300020218
1.352 -0.918 2.722 -0.444336896845 0.198211603762 1.86100006104
1.32 -0.961 3.087 -0.42242872296 0.0230844427968 1.92000007629
1.318 -0.972 3.097 -0.424199888522 0.0189287469797 1.98000001907
1.273 -1.006 -2.953 -0.530383050741 -0.101229350167 2.03600001335
1.287 -0.997 -3.129 -0.51671602819 -0.00650716990892 2.09500002861
1.186 -1.142 -2.638 -0.625811172473 -0.344807281873 2.14900016785
1.152 -1.299 -2.348 -0.672674743009 -0.68379053322 2.20200014114
1.117 -1.337 -2.439 -0.730178335923 -0.618263976138 2.25800013542
1.102 -1.326 -2.465 -0.722137656857 -0.579906373882 2.31600022316
1.069 -1.36 -2.512 -0.751743669546 -0.547638512088 2.37400007248
1.11 -1.274 -2.692 -0.705011332905 -0.340205169397 2.42500019073
1.082 -1.249 -2.81 -0.653640525421 -0.225051929403 2.47699999809
1.06 -1.245 -2.796 -0.629084922172 -0.226496916944 2.53600001335
1.039 -1.266 -2.699 -0.610031297267 -0.289125357927 2.58800005913
1.082 -1.253 -2.827 -0.594873344598 -0.193571135533 2.63700008392
1.072 -1.255 -2.784 -0.582458779324 -0.217639752005 2.69600009918
1.067 -1.247 -2.81 -0.593503240834 -0.204346340629 2.7570002079
1.057 -1.245 -2.924 -0.609387612269 -0.134731365425 2.81300020218
1.041 -1.247 -2.977 -0.618253938642 -0.102689042892 2.86600017548
1.045 -1.248 -2.976 -0.544372169211 -0.0909771151036 2.91300010681
1.068 -1.243 -2.991 -0.503764301 -0.076441932206 2.96700000763
1.08 -1.243 -3.134 -0.502265522253 -0.00381360140351 3.02600002289
1.078 -1.241 2.941 -0.440869104284 0.089640643616 3.08000016212
1.08 -1.23 2.695 -0.385151290414 0.184433366236 3.12900018692
1.187 -1.196 1.638 -0.0338619501328 0.503111747858 3.17900013924
1.197 -1.163 1.605 -0.0183607478825 0.536596966874 3.23100018501
1.203 -1.145 1.602 -0.0176045331339 0.563998314662 3.28000020981
1.206 -1.113 1.621 -0.0294464896189 0.586047683741 3.33800005913
1.195 -1.1 1.677 -0.059925304503 0.562125861886 3.38800001144
1.215 -1.038 1.716 -0.103817773437 0.709948367784 3.44500017166
1.185 -1.063 1.738 -0.0958012750452 0.567612125751 3.5
1.191 -1.038 1.741 -0.0946666805096 0.550815186321 3.5600001812
1.283 -1.068 2.009 -0.0920399734979 0.196419857712 3.61200022697
1.294 -1.067 1.754 -0.0417913102436 0.225556095934 3.67000007629
1.297 -1.055 1.702 -0.034067890384 0.25816487223 3.72300004959
1.309 -1.046 1.807 -0.0856697337925 0.355923942202 3.77700018883
1.278 -1.034 2.078 -0.19196047475 0.345443272549 3.83000016212
1.29 -1.005 1.935 -0.164452512976 0.431396418642 3.89100003242
1.284 -0.993 1.936 -0.167261662175 0.437450662287 3.94400000572
1.297 -0.968 1.772 -0.101510034142 0.497687312802 4.0
1.314 -0.933 1.638 -0.0395375957477 0.587438963933 4.0490000248
1.308 -0.905 1.642 -0.0438202119547 0.614380260511 4.10700011253
1.367 -0.886 1.53 0.023977793604 0.587417829201 4.15600013733
1.383 -0.871 1.505 0.0347827924087 0.527880297016 4.21200013161
1.421 -0.918 1.41 0.0624195477373 0.384838742182 4.26400017738
1.442 -0.917 1.392 0.0712070910361 0.394005203938 4.31200003624
1.477 -0.914 1.378 0.0831337867848 0.425844139544 4.37700009346
1.519 -0.88 1.229 0.196262666407 0.551672676241 4.42800021172
1.515 -0.851 1.419 0.0910930049041 0.595483901863 4.48400020599
1.503 -0.836 1.408 0.0902158001689 0.549259338164 4.54600000381
1.477 -0.836 1.447 0.0677566379448 0.544524624044 4.6210000515
1.493 -0.812 1.409 0.0961431727949 0.589029182045 4.68099999428
1.505 -0.782 1.432 0.0884352793913 0.633061882473 4.74000000954
1.523 -0.766 1.409 0.101388950912 0.621167880027 4.79400014877
1.542 -0.762 1.311 0.167584516063 0.630482807538 4.85199999809
1.529 -0.754 1.344 0.127995603432 0.554653997428 4.91000008583
1.523 -0.741 1.382 0.102685454951 0.537417786216 4.96400022507
1.531 -0.749 1.338 0.106413520958 0.44882241787 5.02500009537
1.542 -0.752 1.243 0.157724391399 0.463807274654 5.09400010109
1.564 -0.736 1.222 0.186504910491 0.512848066806 5.14100003242
1.551 -0.757 1.148 0.190272822649 0.42289358412 5.1970000267
1.575 -0.756 1.076 0.22830096882 0.423120503787 5.24500012398
1.58 -0.717 1.23 0.181457327818 0.51167622808 5.30000019073
1.595 -0.69 1.114 0.277176932411 0.563981019081 5.35700011253
1.579 -0.681 1.243 0.175729541237 0.516753552666 5.41600012779
1.571 -0.684 1.376 0.0819635038609 0.415429565485 5.47600007057
1.599 -0.661 1.179 0.166430136698 0.40282607563 5.52500009537
1.651 -0.797 -0.398 0.201681558701 -0.0847945305075 5.58600020409
1.673 -0.812 -0.532 0.263412592109 -0.155046433865 5.64200019836
1.7 -0.837 -0.602 0.301647374031 -0.207254949124 5.70100021362
1.72 -0.853 -0.54 0.35687028189 -0.213918618591 5.75300002098
1.73 -0.891 -0.524 0.431224868558 -0.249198537993 5.80599999428
1.753 -0.933 -0.719 0.397962798063 -0.348336917364 5.85500001907
1.787 -1.023 -0.95 0.367853477362 -0.514399898151 5.91200017929
1.804 -1.081 -1.004 0.374030128368 -0.587674554757 5.97100019455
1.785 -1.178 -1.214 0.299810620285 -0.804321608493 6.02800011635
1.813 -1.21 -1.181 0.338983965019 -0.825146209728 6.08800005913
1.835 -1.23 -1.185 0.337174200113 -0.830172815625 6.14500021935
1.839 -1.274 -1.291 0.251235365834 -0.874367528829 6.20100021362
1.845 -1.328 -1.251 0.316721902602 -0.956391683492 6.25100016594
1.844 -1.365 -1.221 0.315316002962 -0.864358527494 6.31100010872
1.849 -1.379 -1.231 0.250640226729 -0.709009171164 6.36400008202
1.834 -1.38 -1.22 0.194011735352 -0.530186384498 6.42200016975
1.834 -1.365 -1.224 0.188207451734 -0.520770115125 6.48000001907
1.845 -1.362 -1.235 0.183807542449 -0.526647755661 6.53900003433
1.863 -1.422 -1.171 0.251032808058 -0.594085744817 6.59500002861
1.917 -1.487 -0.918 0.425346851897 -0.556280796676 6.65600013733
1.912 -1.455 -0.8 0.330958678261 -0.340767815928 6.70700001717
1.922 -1.456 -0.881 0.231911540398 -0.28110702652 6.76300001144
1.923 -1.472 -0.918 0.246177865962 -0.321958464699 6.8180000782
1.931 -1.486 -0.881 0.275539213634 -0.333989455209 6.87900018692
1.911 -1.479 -0.899 0.278887449917 -0.350721459565 6.94100022316
1.917 -1.49 -1.037 0.224855259142 -0.380447722585 7.00100016594
1.935 -1.486 -1.055 0.2077854985 -0.366468958225 7.06300020218
1.928 -1.462 -1.094 0.150845564891 -0.292027570871 7.12400007248
1.9 -1.466 -1.202 0.108762526334 -0.281418940177 7.1740000248
1.864 -1.451 -1.317 0.0902400805676 -0.347893833674 7.22600007057
1.854 -1.47 -1.309 0.122286460711 -0.45638487243 7.28299999237
1.799 -1.498 -1.287 0.147106118462 -0.504359673781 7.34200000763
1.794 -1.522 -1.281 0.161925089979 -0.543024757856 7.39900016785
1.801 -1.545 -1.235 0.175248231232 -0.502123506101 7.46600008011
1.764 -1.599 -1.57 0.000524983958338 -0.659256790971 7.52600002289
1.759 -1.61 -1.498 0.0467134675422 -0.640566964317 7.57800006866
1.759 -1.633 -1.355 0.12903193775 -0.588623410204 7.63300013542
1.784 -1.626 -1.159 0.234727807481 -0.537419223262 7.69600009918
1.785 -1.617 -1.174 0.220058133446 -0.525170870906 7.75200009346
1.778 -1.63 -1.289 0.166941544003 -0.576654343411 7.80800008774
1.737 -1.624 -1.496 0.0434174279022 -0.579392510517 7.875
1.734 -1.658 -1.469 0.0578299503166 -0.566131017323 7.92300009727
1.733 -1.648 -1.581 -0.00649503547229 -0.636516863103 7.97300004959
1.709 -1.661 -1.588 -0.0107937918752 -0.627350151276 8.02800011635
1.705 -1.685 -1.546 0.0148360559816 -0.598194050728 8.08900022507
1.706 -1.709 -1.516 0.0314227850419 -0.572872857915 8.14500021935
1.683 -1.685 -1.71 -0.0698081003072 -0.498238366805 8.20399999619
1.688 -1.684 -1.631 -0.0266687398452 -0.442439979392 8.25500011444
1.671 -1.685 -1.906 -0.141689645442 -0.406745669797 8.31300020218
1.678 -1.688 -1.839 -0.0994880648193 -0.362004913347 8.37400007248
1.669 -1.694 -1.783 -0.0794606960814 -0.368817293762 8.42900013924
1.655 -1.676 -1.921 -0.125652275106 -0.344008398742 8.48500013351
1.628 -1.705 -1.928 -0.14192598286 -0.380280750227 8.54700016975
1.603 -1.646 -2.608 -0.234377418382 -0.138459214762 8.60500001907
1.581 -1.598 2.917 -0.290291478986 0.0663161377653 8.66600012779
1.564 -1.585 2.49 -0.194123517756 0.148061989012 8.72500014305
1.544 -1.51 2.191 -0.247485810678 0.346513697618 8.78100013733
1.522 -1.484 2.25 -0.318024831802 0.393914339315 8.83900022507
1.489 -1.475 2.319 -0.362518438898 0.390541025378 8.89700007439
1.447 -1.457 2.294 -0.383039979346 0.433915739123 8.95900011063
1.405 -1.444 2.403 -0.421886076651 0.384132397337 9.0110001564
1.361 -1.429 2.389 -0.458508938295 0.429371126648 9.06700015068
1.313 -1.388 2.351 -0.465922865915 0.470788648454 9.13900017738
1.301 -1.36 2.338 -0.435441969833 0.451582712836 9.19400000572
1.283 -1.338 2.223 -0.37948876194 0.496916333059 9.24700021744
1.284 -1.314 2.244 -0.385676494964 0.483617821799 9.30599999428
1.245 -1.289 2.343 -0.452301106802 0.464397175256 9.3630001545
1.214 -1.237 2.29 -0.434398731778 0.49608151576 9.43099999428
1.204 -1.209 2.287 -0.446416553561 0.51290227308 9.48200011253
1.215 -1.273 2.345 -0.361445684672 0.369630046658 9.54000020027
1.202 -1.224 2.26 -0.353824275539 0.429399322385 9.59900021553
1.186 -1.183 2.211 -0.374119839338 0.502268364437 9.66100001335
1.218 -1.162 2.071 -0.291197487 0.532775485368 9.72000002861
1.199 -1.173 2.077 -0.27277961582 0.492039927271 9.78000020981
1.195 -1.171 2.075 -0.241849395267 0.438312948577 9.84000015259
1.211 -1.187 1.938 -0.171496892261 0.445852212228 9.89800000191
1.202 -1.186 1.96 -0.182584600181 0.445193279573 9.95500016212
1.196 -1.166 1.898 -0.175757828116 0.517843378161 10.0140001774
1.201 -1.157 1.768 -0.111656803719 0.558841615265 10.0830001831
1.194 -1.149 1.857 -0.16357432588 0.555840111178 10.1360001564
1.204 -1.14 1.85 -0.151934556616 0.529956787052 10.1940000057
1.259 -1.23 1.849 -0.106364845918 0.372412282247 10.2570002079
1.219 -1.232 2.003 -0.18677079714 0.40488723079 10.3180000782
1.216 -1.223 1.944 -0.15231548118 0.389003099979 10.3760001659
1.223 -1.223 1.795 -0.086505504701 0.379347746866 10.4270000458
1.238 -1.219 1.547 0.00944161031913 0.396692656876 10.4790000916
1.229 -1.207 1.538 0.00984313500038 0.300021576195 10.5430002213
1.188 -1.266 -2.652 -0.172317319913 -0.0918218725732 10.5990002155
1.107 -1.343 -2.169 -0.278234330956 -0.408265772111 10.6579999924
1.081 -1.385 -2.069 -0.279895842883 -0.514540579256 10.7150001526
1.066 -1.425 -2.093 -0.324806921893 -0.564399038655 10.7730000019
1.041 -1.449 -2.186 -0.378225705896 -0.535205256367 10.8330001831
1.037 -1.448 -2.249 -0.349863816139 -0.434238708756 10.8900001049
1.074 -1.443 -2.281 -0.276405840041 -0.321445918997 10.9460000992
1.138 -1.422 -2.191 -0.164822767121 -0.23077422633 10.9970002174
1.134 -1.421 -1.864 -0.0499632892433 -0.165493360498 11.0570001602
1.197 -1.375 -0.627 0.130813687218 -0.0947784302276 11.1260001659
1.187 -1.386 -2.232 -0.0413101494779 -0.0530954619446 11.1760001183
1.227 -1.354 0.804 0.0942334487462 0.0978061500796 11.2350001335
1.386 -1.233 0.637 0.481767520643 0.356455531663 11.2940001488
1.432 -1.169 0.69 0.491923845746 0.406002510937 11.3470001221
1.459 -1.133 0.67 0.516942145973 0.40954957324 11.4000000954
1.446 -1.145 0.682 0.428774291933 0.348153836139 11.4580001831
1.447 -1.153 0.68 0.339372390672 0.274437344126 11.5170001984
1.468 -1.126 0.694 0.360135305983 0.299662514162 11.5640001297
1.186 -1.505 -2.357 -0.255117953684 -0.254707284366 11.623000145
1.131 -1.573 -2.441 -0.333497315191 -0.281238952253 11.6780002117
1.184 -1.461 -2.59 -0.193257200609 -0.118910901572 11.737000227
1.182 -1.431 -3.113 -0.227762865667 -0.00651411999959 11.7890000343
1.175 -1.43 -3.124 -0.213303986795 -0.00375297034026 11.8410000801
1.192 -1.394 2.733 -0.164636541111 0.0712808765087 11.8920001984
1.379 -1.131 0.958 0.231293724884 0.328967768071 11.9560000896
