8.678 -0.06 -1.124 0.232724862413 -0.485744182779 2.42500019073
8.677 -0.056 -1.128 0.231391452585 -0.487960569725 2.47699999809
8.695 -0.072 -1.284 0.123385277403 -0.418358496503 2.53600001335
8.704 -0.09 -1.058 0.158539065957 -0.281579052869 2.58800005913
8.723 -0.133 -1.141 0.173800839601 -0.379167747525 2.63700008392
8.744 -0.186 -1.243 0.160940746575 -0.473265348421 2.69600009918
8.78 -0.258 -1.18 0.219035583259 -0.531657703195 2.7570002079
8.806 -0.32 -1.267 0.166541110752 -0.531230336676 2.81300020218
8.828 -0.358 -1.193 0.194767946237 -0.490772753097 2.86600017548
8.883 -0.343 -0.887 0.290466026039 -0.356417694688 2.91300010681
8.889 -0.36 -0.82 0.29064056095 -0.311483477526 2.96700000763
8.807 -0.558 -1.603 -0.0226850798437 -0.70418169698 3.02600002289
8.91 -0.706 -1.011 0.608733839738 -0.971385066491 3.08000016212
8.937 -0.751 -1.042 0.577255652229 -0.98794182574 3.12900018692
8.974 -0.791 -1.037 0.556468531645 -0.941526501814 3.17900013924
9.01 -0.836 -1.028 0.573812757483 -0.95122258099 3.23100018501
9.06 -0.897 -1.04 0.573903424286 -0.977710259638 3.28000020981
9.106 -0.957 -1.03 0.553716497621 -0.922073071616 3.33800005913
9.125 -1.05 -1.118 0.530315407166 -1.09004330599 3.38800001144
9.17 -1.13 -1.059 0.621303195775 -1.1060738408 3.44500017166
9.227 -1.199 -1.051 0.654556702333 -1.14374719 3.5
9.302 -1.237 -0.954 0.746727884824 -1.05308871566 3.5600001812
9.353 -1.289 -0.941 0.741695074073 -1.01768962138 3.61200022697
9.401 -1.354 -0.966 0.752640067419 -1.0888870043 3.67000007629
9.444 -1.429 -0.973 0.780881656105 -1.1468264114 3.72300004959
9.468 -1.503 -1.055 0.685043994489 -1.20820442625 3.77700018883
9.526 -1.574 -0.985 0.776304953605 -1.17004233886 3.83000016212
9.583 -1.633 -0.957 0.76049950342 -1.07935851387 3.89100003242
9.654 -1.681 -0.837 0.88408749576 -0.980383087681 3.94400000572
9.855 -1.816 -0.944 0.920722345702 -1.27133072889 4.0
9.88 -1.836 -0.785 1.09972843967 -1.09885304495 4.0490000248
9.876 -1.819 -0.562 1.06462087779 -0.670433465951 4.10700011253
9.876 -1.812 -0.537 0.922962986988 -0.549494305757 4.15600013733
9.941 -1.828 -0.505 0.993073603749 -0.548983559647 4.21200013161
9.997 -1.865 -0.498 0.992313178385 -0.539529038154 4.26400017738
10.03 -1.914 -0.541 0.992995094526 -0.59658127935 4.31200003624
10.084 -1.952 -0.595 0.93406372295 -0.632194461147 4.37700009346
10.135 -1.978 -0.527 0.950961793906 -0.553359128939 4.42800021172
10.177 -2.008 -0.54 0.926231027918 -0.555210316026 4.48400020599
10.225 -2.027 -0.496 0.928049180472 -0.502185973825 4.54600000381
10.274 -2.046 -0.466 0.904096741812 -0.4547099927 4.6210000515
10.323 -2.053 -0.392 0.906864363779 -0.374892988876 4.68099999428
10.365 -2.072 -0.42 0.873017119078 -0.389865477817 4.74000000954
10.391 -2.084 -0.453 0.82320593845 -0.400704112034 4.79400014877
10.424 -2.121 -0.483 0.824482868842 -0.432383491025 4.85199999809
10.456 -2.155 -0.559 0.787636313557 -0.492711678538 4.91000008583
10.483 -2.171 -0.501 0.809803484753 -0.443449721527 4.96400022507
10.535 -2.192 -0.428 0.832829699472 -0.379939051004 5.02500009537
10.588 -2.219 -0.445 0.80295342183 -0.382931025737 5.09400010109
10.633 -2.223 -0.395 0.871167538284 -0.363200054582 5.14100003242
10.7 -2.281 -0.454 0.988972663036 -0.482616693113 5.1970000267
10.754 -2.314 -0.463 1.01300263411 -0.505681545356 5.24500012398
10.81 -2.344 -0.43 0.971351704938 -0.445482313083 5.30000019073
10.84 -2.355 -0.39 0.933913974464 -0.383889929533 5.35700011253
10.872 -2.401 -0.479 0.800578727966 -0.415772932444 5.41600012779
10.861 -2.552 -0.756 0.749291232778 -0.70648184457 5.47600007057
10.836 -2.627 -0.873 0.706594181821 -0.842659925024 5.52500009537
10.885 -2.667 -0.837 0.718624921987 -0.796898184039 5.58600020409
10.96 -2.677 -0.69 0.790363661217 -0.652315665895 5.64200019836
10.978 -2.734 -0.649 0.904561814844 -0.686225636894 5.70100021362
10.998 -2.791 -0.72 0.897111733246 -0.786827903831 5.75300002098
11.045 -2.828 -0.696 0.934919222846 -0.781100240576 5.80599999428
11.069 -2.836 -0.64 0.908801764939 -0.676642739709 5.85500001907
11.111 -2.893 -0.769 0.782621345181 -0.757366115423 5.91200017929
11.145 -2.934 -0.776 0.733353997079 -0.719697578871 5.97100019455
11.19 -2.987 -0.72 0.764566127782 -0.670576408009 6.02800011635
11.218 -2.976 -0.663 0.731409670413 -0.571174752687 6.08800005913
11.226 -2.984 -0.711 0.688386048356 -0.592885529853 6.14500021935
11.255 -3.034 -0.781 0.668272718676 -0.662420076593 6.20100021362
11.292 -3.042 -0.734 0.636869069101 -0.574549492253 6.25100016594
11.295 -3.112 -0.848 0.560103965802 -0.63501873054 6.31100010872
11.322 -3.149 -0.794 0.607989126678 -0.618539788213 6.36400008202
11.356 -3.196 -0.891 0.563969509346 -0.697701803412 6.42200016975
11.376 -3.228 -0.925 0.50854722139 -0.674830551799 6.48000001907
11.41 -3.242 -0.881 0.482663113269 -0.585050628998 6.53900003433
11.437 -3.295 -0.952 0.455441859862 -0.639581614171 6.59500002861
11.516 -3.275 -0.859 0.521612120753 -0.604657658108 6.65600013733
11.563 -3.286 -0.77 0.565583665822 -0.54842856756 6.70700001717
11.588 -3.32 -0.762 0.567176322095 -0.54123675782 6.76300001144
11.617 -3.337 -0.77 0.536949798765 -0.520663213568 6.8180000782
11.646 -3.363 -0.767 0.525332005897 -0.506348831344 6.87900018692
11.624 -3.447 -0.872 0.499205238431 -0.594127260815 6.94100022316
11.665 -3.474 -0.872 0.486844294248 -0.579415928996 7.00100016594
11.675 -3.534 -0.985 0.43505517198 -0.655712640493 7.06300020218
11.713 -3.561 -0.938 0.443454480513 -0.604650436706 7.12400007248
11.706 -3.593 -0.993 0.389892836555 -0.597973692589 7.1740000248
11.742 -3.65 -1.03 0.382544894675 -0.637030587999 7.22600007057
11.774 -3.695 -0.996 0.427097434199 -0.659348922029 7.28299999237
11.791 -3.743 -1.02 0.416096865883 -0.677459961771 7.34200000763
11.81 -3.787 -1.019 0.423323694845 -0.687683219614 7.39900016785
11.838 -3.831 -0.99 0.457610087174 -0.697249846283 7.46600008011
11.873 -3.861 -0.932 0.49477751287 -0.666210385009 7.52600002289
11.929 -3.884 -0.891 0.508693036794 -0.629317796925 7.57800006866
11.971 -3.932 -0.864 0.539996968555 -0.632334624951 7.63300013542
12.002 -3.957 -0.849 0.512832072415 -0.582597502163 7.69600009918
12.031 -3.99 -0.799 0.543365607582 -0.558351913503 7.75200009346
12.066 -4.021 -0.815 0.562577376917 -0.596910372721 7.80800008774
12.068 -4.04 -0.767 0.561854514958 -0.541551578509 7.875
12.093 -4.058 -0.747 0.560348507362 -0.518887449744 7.92300009727
12.11 -4.079 -0.733 0.575284524197 -0.517948631859 7.97300004959
12.14 -4.109 -0.712 0.617909672495 -0.533263608956 8.02800011635
12.167 -4.144 -0.736 0.576694213355 -0.522358809337 8.08900022507
12.177 -4.179 -0.804 0.545083912082 -0.565749843823 8.14500021935
12.231 -4.229 -0.784 0.614100828488 -0.612385998382 8.20399999619
12.262 -4.247 -0.719 0.630537609081 -0.55190969633 8.25500011444
12.289 -4.324 -0.911 0.615596553193 -0.793520915012 8.31300020218
12.252 -4.345 -0.955 0.467697897764 -0.660980664031 8.37400007248
12.278 -4.376 -0.976 0.444614717327 -0.657204043555 8.42900013924
12.319 -4.41 -0.89 0.522758788083 -0.64539771698 8.48500013351
12.356 -4.453 -0.874 0.549148539448 -0.65622740892 8.54700016975
12.385 -4.493 -0.884 0.507823672804 -0.619324094926 8.60500001907
12.466 -4.609 -1.075 0.55130421301 -1.01931656419 8.66600012779
12.518 -4.707 -1.105 0.612693923272 -1.21883347178 8.72500014305
12.569 -4.774 -1.025 0.665381991341 -1.0955743575 8.78100013733
12.607 -4.842 -1.083 0.584690483257 -1.10202344095 8.83900022507
12.664 -4.88 -0.832 0.837674124484 -0.919626915478 8.89700007439
12.688 -4.935 -0.93 0.716312720897 -0.960484980768 8.95900011063
12.727 -4.984 -0.909 0.690012742854 -0.885781808765 9.0110001564
12.759 -5.03 -0.941 0.642872446905 -0.882093787537 9.06700015068
12.807 -5.092 -0.914 0.632815375107 -0.820788970913 9.13900017738
12.849 -5.102 -0.806 0.689518023983 -0.718530514666 9.19400000572
12.854 -5.112 -0.842 0.638488864685 -0.715191594957 9.24700021744
12.886 -5.146 -0.818 0.651000076501 -0.694894256132 9.30599999428
12.92 -5.183 -0.813 0.642691874554 -0.679187440062 9.3630001545
12.944 -5.224 -0.803 0.678899790867 -0.703230332243 9.43099999428
13.168 -5.34 -0.936 0.964163501881 -1.30913912564 9.48200011253
13.213 -5.424 -0.954 0.925351820383 -1.30499688021 9.54000020027
13.343 -5.553 -0.692 1.54149506032 -1.27744316635 9.59900021553
13.439 -5.641 -0.737 1.46370801024 -1.32846628981 9.66100001335
13.47 -5.582 -0.713 1.45751514244 -1.26039865954 9.72000002861
13.546 -5.654 -0.688 1.30474968949 -1.07247721353 9.78000020981
13.613 -5.713 -0.681 1.19349559888 -0.967109352456 9.84000015259
13.613 -5.891 -1.108 0.781736600413 -1.56680626868 9.89800000191
13.652 -5.991 -1.124 0.734228087164 -1.53248354506 9.95500016212
13.65 -5.732 -0.219 0.788922652451 -0.175590238848 10.0140001774
13.737 -5.763 -0.275 0.860315733861 -0.242736893133 10.0830001831
13.689 -5.706 -0.195 0.670483295086 -0.132427025589 10.1360001564
13.741 -5.715 -0.399 0.659372999373 -0.278001522337 10.1940000057
13.7 -5.711 -0.627 0.3822587458 -0.2769578982 10.2570002079
13.741 -5.749 -0.688 0.476610107641 -0.391763634279 10.3180000782
13.782 -5.78 -0.627 0.546212332335 -0.395747177002 10.3760001659
13.81 -5.792 -0.604 0.52661364199 -0.363376644718 10.4270000458
13.842 -5.811 -0.636 0.505339364718 -0.373114726901 10.4790000916
13.888 -5.811 -0.486 0.575602802359 -0.304068538783 10.5430002213
13.942 -5.814 -0.422 0.626040907597 -0.281075807481 10.5990002155
13.981 -5.818 -0.389 0.598259343761 -0.245218385989 10.6579999924
14.023 -5.816 -0.438 0.609871147257 -0.285626780944 10.7150001526
14.045 -5.806 -0.358 0.602439530314 -0.22538540484 10.7730000019
14.07 -5.809 -0.318 0.581096524944 -0.191280260507 10.8330001831
14.077 -5.798 -0.31 0.551269714931 -0.176586852409 10.8900001049
14.038 -5.743 -0.253 0.418283469701 -0.108142999514 10.9460000992
14.054 -5.741 -0.262 0.426442012913 -0.114356489555 10.9970002174
14.093 -5.745 -0.281 0.477648199738 -0.13786709867 11.0570001602
14.133 -5.74 -0.284 0.488540570297 -0.142600149027 11.1260001659
14.145 -5.726 -0.18 0.4967564543 -0.0903945380367 11.1760001183
14.058 -5.689 -0.321 0.230227061857 -0.0765504042354 11.2350001335
14.044 -5.662 -0.424 0.220540055431 -0.0995471200302 11.2940001488
14.058 -5.665 -0.554 0.228626232251 -0.141433300519 11.3470001221
14.053 -5.651 -0.541 0.29651115968 -0.178140866917 11.4000000954
14.068 -5.658 -0.57 0.262412956849 -0.168198452902 11.4580001831
14.101 -5.645 -0.353 0.399463448635 -0.147175105141 11.5170001984
14.101 -5.655 -0.511 0.422005251873 -0.236606669122 11.5640001297
14.118 -5.668 -0.446 0.454625520606 -0.217370638713 11.623000145
14.128 -5.677 -0.402 0.489880856821 -0.208274181331 11.6780002117
14.112 -5.663 -0.354 0.419042079448 -0.154864597959 11.737000227
14.139 -5.675 -0.49 0.451699718971 -0.240931275939 11.7890000343
14.131 -5.672 -0.58 0.44271124087 -0.29005043693 11.8410000801
14.132 -5.66 -0.487 0.438843569715 -0.232385567419 11.8920001984
14.165 -5.691 -0.631 0.453562932506 -0.331394602578 11.9560000896
