-4.053 -6.855 2.682 -0.379794977754 0.187976308872 0.0190000534058
-4.063 -6.844 2.54 -0.38227827683 0.262425414716 0.0710000991821
-4.06 -6.846 2.662 -0.433790766552 0.22561162883 0.128000020981
-4.056 -6.85 2.788 -0.450782185854 0.166386057102 0.184000015259
-4.027 -6.834 2.63 -0.348010311886 0.195390928451 0.241000175476
-4.045 -6.826 2.528 -0.323927843346 0.228135890877 0.297000169754
-4.068 -6.808 2.674 -0.46065332174 0.232602784751 0.357000112534
-4.058 -6.795 2.595 -0.482930972942 0.29382815013 0.412000179291
-4.064 -6.78 2.48 -0.43538149358 0.339014172954 0.47000002861
-4.048 -6.785 2.415 -0.351301631404 0.312236871298 0.529000043869
-4.073 -6.756 2.41 -0.387718482826 0.348089698894 0.589000225067
-4.094 -6.728 2.386 -0.443636797499 0.417949181026 0.644000053406
-4.083 -6.771 2.447 -0.439664129206 0.366278300633 0.705000162125
-4.045 -6.826 2.437 -0.44198452662 0.375761911797 0.764000177383
-4.042 -6.813 2.426 -0.396099893146 0.344329711077 0.819000005722
-4.038 -6.816 2.548 -0.422203889715 0.284891140145 0.881000041962
-4.03 -6.806 2.504 -0.366435085865 0.271458285576 0.936000108719
-4.009 -6.764 2.348 -0.340476377563 0.34610266876 0.992000102997
-3.99 -6.753 2.22 -0.254087878555 0.334789298892 1.04400014877
-4.018 -6.705 2.165 -0.3859890817 0.571276193371 1.09400010109
-4.028 -6.669 2.184 -0.368491107161 0.523649347185 1.15799999237
-3.999 -6.687 2.264 -0.315171191746 0.37938774516 1.21800017357
-4.003 -6.659 2.259 -0.397141342164 0.482951941486 1.26900005341
-3.97 -6.65 2.166 -0.338105301285 0.499329536622 1.32700014114
-3.958 -6.652 2.184 -0.321285356106 0.456566966515 1.375
-3.942 -6.617 2.133 -0.306040600242 0.485760496175 1.43200016022
-3.955 -6.609 2.134 -0.297682190649 0.471447693245 1.49300003052
-3.963 -6.567 2.14 -0.327295119377 0.51152200122 1.55400013924
-3.918 -6.545 2.017 -0.218225767518 0.456175234956 1.60900020599
-3.918 -6.51 2.039 -0.253113015167 0.500512061475 1.66100001335
-3.907 -6.52 1.945 -0.190601244063 0.485352107091 1.71400022507
-3.936 -6.513 2.046 -0.250101696441 0.486078269465 1.75900006294
-3.957 -6.501 2.159 -0.298763958401 0.447950761273 1.81300020218
-3.891 -6.514 1.886 -0.143177242296 0.439093302952 1.86100006104
-3.886 -6.484 1.855 -0.144765865873 0.49558491068 1.92000007629
-3.886 -6.449 1.879 -0.17907175913 0.562503179407 1.98000001907
-3.887 -6.421 1.848 -0.168543932862 0.592360754169 2.03600001335
-3.855 -6.39 1.776 -0.13612054773 0.654006566458 2.09500002861
-3.845 -6.36 1.752 -0.12474714604 0.680884651816 2.14900016785
-3.824 -6.326 1.574 -0.00203848736605 0.636294734674 2.20200014114
-3.799 -6.29 1.422 0.0903560373558 0.602758246366 2.25800013542
-3.796 -6.262 1.42 0.0952291271808 0.626714261686 2.31600022316
-3.775 -6.266 1.29 0.17743135131 0.615190984054 2.37400007248
-3.764 -6.239 1.263 0.172216891493 0.541733890287 2.42500019073
-3.766 -6.204 1.336 0.113923883809 0.476253760928 2.47699999809
-3.779 -6.151 1.447 0.0607713538884 0.488387553345 2.53600001335
-3.796 -6.121 1.477 0.049777620669 0.529141807992 2.58800005913
-3.805 -6.083 1.497 0.0408091291459 0.551992534351 2.63700008392
-3.805 -6.037 1.59 -0.0113339449928 0.590124169968 2.69600009918
-3.79 -6.035 1.591 -0.0111347191808 0.55104851506 2.7570002079
-3.822 -6.009 1.645 -0.042710702693 0.574530626974 2.81300020218
-3.834 -5.971 1.69 -0.0689860455843 0.575980429289 2.86600017548
-3.826 -5.944 1.683 -0.062195415795 0.551980057595 2.91300010681
-3.826 -5.932 1.684 -0.057467518794 0.50547675473 2.96700000763
-3.839 -5.923 1.698 -0.0683307104592 0.534275171739 3.02600002289
-3.821 -5.904 1.575 -0.00211637928246 0.50345655171 3.08000016212
-3.804 -5.897 1.454 0.0565983900151 0.4823849955 3.12900018692
-3.798 -5.885 1.481 0.0416298804643 0.462356637869 3.17900013924
-3.779 -5.869 1.404 0.095842995789 0.56927228706 3.23100018501
-3.75 -5.838 1.329 0.151308048058 0.613523485637 3.28000020981
-3.758 -5.831 1.309 0.172905970096 0.645301766409 3.33800005913
-3.78 -5.853 1.293 0.161509762135 0.566363201576 3.38800001144
-3.774 -5.828 1.322 0.140117278356 0.55151219696 3.44500017166
-3.767 -5.823 1.21 0.202852008329 0.537623666813 3.5
-3.759 -5.821 1.181 0.180639853332 0.439708970584 3.5600001812
-3.765 -5.81 1.237 0.174320300321 0.502694082536 3.61200022697
-3.752 -5.79 1.182 0.226497982056 0.552908043104 3.67000007629
-3.731 -5.769 1.19 0.220444849993 0.550649055758 3.72300004959
-3.733 -5.747 1.195 0.224583574383 0.569219423598 3.77700018883
-3.751 -5.72 1.36 0.134467856351 0.628427620349 3.83000016212
-3.754 -5.729 1.38 0.118151927123 0.611724205028 3.89100003242
-3.755 -5.7 1.382 0.130443596431 0.68269365757 3.94400000572
-3.795 -5.678 1.451 0.0852708603932 0.708390314999 4.0
-3.848 -5.67 1.401 0.108669030662 0.63383396919 4.0490000248
-3.865 -5.701 1.361 0.10301365456 0.483792246753 4.10700011253
-3.876 -5.683 1.383 0.103930544251 0.546900330331 4.15600013733
-3.868 -5.664 1.413 0.0982320058795 0.617348553287 4.21200013161
-3.861 -5.643 1.401 0.109320623743 0.637634516842 4.26400017738
-3.872 -5.665 1.479 0.0551541105469 0.599142748488 4.31200003624
-3.896 -5.66 1.526 0.0208131605641 0.464306745456 4.37700009346
-3.881 -5.648 1.57 0.000467115692596 0.586587814012 4.42800021172
-3.877 -5.64 1.453 0.06880154191 0.581368023248 4.48400020599
-3.901 -5.626 1.398 0.102540206189 0.587498604692 4.54600000381
-3.918 -5.611 1.38 0.111766909975 0.578666178514 4.6210000515
-3.907 -5.587 1.265 0.163330096267 0.517360687097 4.68099999428
-3.84 -5.553 0.991 0.329610068224 0.50331569541 4.74000000954
-3.858 -5.566 1.099 0.242843366203 0.475950876107 4.79400014877
-3.817 -5.555 0.964 0.378125812677 0.544723605132 4.85199999809
-3.833 -5.556 1.127 0.268979109042 0.565763721442 4.91000008583
-3.844 -5.566 1.247 0.188363346873 0.561260055749 4.96400022507
-3.823 -5.526 1.211 0.205581267132 0.546511102179 5.02500009537
-3.82 -5.526 1.211 0.185436451367 0.492958725446 5.09400010109
-3.813 -5.532 1.092 0.239004065074 0.460436146346 5.14100003242
-3.864 -5.561 1.243 0.146368951251 0.43041525646 5.1970000267
-3.876 -5.575 1.25 0.149373563547 0.449550146927 5.24500012398
-3.876 -5.571 1.188 0.190146095236 0.472226371042 5.30000019073
-3.868 -5.556 1.217 0.193258992908 0.523259712308 5.35700011253
-3.867 -5.541 1.175 0.223458452209 0.534785494355 5.41600012779
-3.867 -5.537 1.129 0.248868333268 0.526174458157 5.47600007057
-3.848 -5.529 1.129 0.255480610631 0.54015458738 5.52500009537
-3.807 -5.493 0.981 0.38204645894 0.570848484118 5.58600020409
-3.838 -5.52 1.038 0.295141907359 0.500512418652 5.64200019836
-3.81 -5.49 1.058 0.321965156036 0.571837882015 5.70100021362
-3.805 -5.473 1.13 0.264883635217 0.561487123944 5.75300002098
-3.807 -5.507 0.998 0.297235498363 0.460886810132 5.80599999428
-3.767 -5.47 0.957 0.353235661361 0.501338813211 5.85500001907
-3.819 -5.507 1.206 0.223814918711 0.586073743567 5.91200017929
-3.812 -5.505 1.206 0.222224486951 0.581909095825 5.97100019455
-3.863 -5.556 1.295 0.114957313228 0.406197344817 6.02800011635
-3.839 -5.52 1.196 0.163910735491 0.416660736517 6.08800005913
-3.843 -5.529 1.171 0.170117575925 0.402594495842 6.14500021935
-3.831 -5.506 1.277 0.14147385535 0.467601961584 6.20100021362
-3.816 -5.492 1.31 0.14099910189 0.528335052351 6.25100016594
-3.817 -5.485 1.254 0.16421359945 0.500899122235 6.31100010872
-3.822 -5.534 1.19 0.17652022799 0.440929769364 6.36400008202
-3.829 -5.527 1.204 0.19154611166 0.498581567257 6.42200016975
-3.81 -5.504 1.289 0.155809660619 0.538202267611 6.48000001907
-3.807 -5.5 1.256 0.181126559033 0.556244226661 6.53900003433
-3.804 -5.5 1.194 0.193696093501 0.489499045355 6.59500002861
-3.811 -5.507 1.326 0.120564985013 0.482633930235 6.65600013733
-3.817 -5.5 1.335 0.123260719411 0.513018078604 6.70700001717
-3.817 -5.495 1.466 0.0543805920785 0.517015946204 6.76300001144
-3.83 -5.482 1.608 -0.0201165560643 0.540464751943 6.8180000782
-3.842 -5.48 1.582 -0.0060347099143 0.538614194188 6.87900018692
-3.843 -5.468 1.527 0.0202891243953 0.462964634408 6.94100022316
-3.892 -5.484 1.644 -0.0327556505357 0.44665954735 7.00100016594
-3.885 -5.482 1.439 0.0706750416992 0.533135891195 7.06300020218
-3.878 -5.436 1.54 0.0175720698692 0.57040940101 7.12400007248
-3.872 -5.402 1.553 0.0104866794511 0.58919868535 7.1740000248
-3.892 -5.442 1.601 -0.0147113011819 0.486921815442 7.22600007057
-3.909 -5.442 1.578 -0.00325518930523 0.451871275289 7.28299999237
-3.899 -5.415 1.588 -0.00871667122459 0.506625018769 7.34200000763
-3.905 -5.386 1.606 -0.0181485321196 0.515316519508 7.39900016785
-3.903 -5.354 1.594 -0.0126745419724 0.546131945437 7.46600008011
-3.941 -5.376 1.774 -0.0997828135593 0.484270853195 7.52600002289
-3.961 -5.385 1.823 -0.120364657103 0.467089827679 7.57800006866
-3.972 -5.434 1.666 -0.0355715176802 0.372506450321 7.63300013542
-3.98 -5.43 1.589 -0.00762300425638 0.418715614745 7.69600009918
-3.983 -5.405 1.474 0.0442833329253 0.456060093025 7.75200009346
-3.97 -5.365 1.438 0.0713421374037 0.534068039462 7.80800008774
-3.972 -5.365 1.469 0.0567236067654 0.555300376855 7.875
-4.005 -5.374 1.607 -0.0203106020032 0.560764300638 7.92300009727
-4.021 -5.365 1.684 -0.067836643566 0.596682215644 7.97300004959
-4.049 -5.333 1.796 -0.149449258633 0.652361253613 8.02800011635
-4.046 -5.294 1.738 -0.111239253427 0.659080467091 8.08900022507
-4.071 -5.296 1.844 -0.17399003552 0.620926696309 8.14500021935
-4.069 -5.288 1.867 -0.168324381606 0.551554969863 8.20399999619
-4.078 -5.285 1.811 -0.120719256305 0.492867279552 8.25500011444
-4.085 -5.286 1.797 -0.113364333141 0.492583332616 8.31300020218
-4.138 -5.268 1.979 -0.239376756048 0.553475841562 8.37400007248
-4.14 -5.228 1.886 -0.195392866247 0.599227207043 8.42900013924
-4.132 -5.279 2.228 -0.297920838201 0.38609089397 8.48500013351
-4.159 -5.273 2.273 -0.337325331695 0.398700270406 8.54700016975
-4.207 -5.256 2.469 -0.499314531131 0.397695458765 8.60500001907
-4.265 -5.258 2.746 -0.687276017317 0.287011736388 8.66600012779
-4.279 -5.249 2.689 -0.66204612919 0.321924373699 8.72500014305
-4.312 -5.276 2.811 -0.674906632532 0.231619309188 8.78100013733
-4.364 -5.282 2.835 -0.691297246811 0.218847158703 8.83900022507
-4.384 -5.285 2.87 -0.688439956485 0.191712309306 8.89700007439
-4.374 -5.304 3.06 -0.632992110912 0.0517624240937 8.95900011063
-4.434 -5.339 -3.053 -0.762413223712 -0.0677214776405 9.0110001564
-4.508 -5.408 -2.832 -0.828796355196 -0.265114068224 9.06700015068
-4.558 -5.448 -2.729 -0.860544843707 -0.376675198412 9.13900017738
-4.534 -5.385 -2.831 -0.669524197603 -0.214904609967 9.19400000572
-4.533 -5.437 -2.674 -0.588150479545 -0.296981337024 9.24700021744
-4.546 -5.507 -2.422 -0.49457606968 -0.433420482621 9.30599999428
-4.537 -5.565 -2.251 -0.383916955003 -0.474558424354 9.3630001545
-4.536 -5.619 -2.199 -0.380248689245 -0.523493853572 9.43099999428
-4.539 -5.648 -2.143 -0.347763976077 -0.539937435768 9.48200011253
-4.558 -5.688 -2.174 -0.380327399179 -0.552119099045 9.54000020027
-4.555 -5.717 -2.155 -0.374286194527 -0.566076931576 9.59900021553
-4.559 -5.789 -2.145 -0.398115403536 -0.615405740691 9.66100001335
-4.559 -5.817 -2.135 -0.390100422676 -0.616446672737 9.72000002861
-4.587 -5.792 -2.21 -0.384661434884 -0.517500231229 9.78000020981
-4.594 -5.81 -2.393 -0.432579962025 -0.401854307941 9.84000015259
-4.616 -5.839 -2.359 -0.452848281289 -0.450314442761 9.89800000191
-4.654 -5.867 -2.376 -0.513897881779 -0.493934634672 9.95500016212
-4.654 -5.9 -2.295 -0.406411472524 -0.459464554918 10.0140001774
-4.662 -5.933 -2.144 -0.320743793981 -0.496893751929 10.0830001831
-4.685 -5.963 -2.265 -0.407814733928 -0.489909988556 10.1360001564
-4.706 -5.994 -2.222 -0.378810418832 -0.497057762222 10.1940000057
-4.704 -5.97 -2.097 -0.278503474436 -0.479493303161 10.2570002079
-4.649 -6.023 -1.926 -0.173110244437 -0.46668391745 10.3180000782
-4.708 -5.952 -2.174 -0.220271146171 -0.31976635665 10.3760001659
-4.736 -5.944 -2.355 -0.282549858673 -0.283225672318 10.4270000458
-4.757 -5.951 -2.394 -0.330158791569 -0.306093483678 10.4790000916
-4.746 -5.998 -2.224 -0.298429450712 -0.389965269936 10.5430002213
-4.725 -6.024 -2.11 -0.21371343716 -0.357172667993 10.5990002155
-4.748 -6.026 -2.22 -0.280151940617 -0.369131626096 10.6579999924
-4.737 -6.079 -2.087 -0.251806307116 -0.443686634482 10.7150001526
-4.749 -6.127 -1.945 -0.192551719746 -0.490318850552 10.7730000019
-4.734 -6.16 -1.922 -0.182072138382 -0.496931061739 10.8330001831
-4.739 -6.206 -1.954 -0.205997481174 -0.510992313106 10.8900001049
-4.738 -6.235 -2.013 -0.280493299761 -0.592413658041 10.9460000992
-4.765 -6.287 -2.01 -0.318525063824 -0.677989764628 10.9970002174
-4.756 -6.31 -2.027 -0.323976356193 -0.660193473333 11.0570001602
-4.771 -6.378 -1.957 -0.266425212186 -0.65521265845 11.1260001659
-4.808 -6.446 -1.928 -0.244047500694 -0.653908218812 11.1760001183
-4.802 -6.384 -2.076 -0.300663036011 -0.543617286798 11.2350001335
-4.736 -6.279 -2.141 -0.266938773637 -0.416274933487 11.2940001488
-4.791 -6.334 -2.118 -0.307298764147 -0.504376754265 11.3470001221
-4.841 -6.4 -2.226 -0.377650300371 -0.491445475257 11.4000000954
-4.885 -6.438 -2.303 -0.423000456634 -0.470578836847 11.4580001831
-4.84 -6.423 -2.316 -0.394084214827 -0.427109463142 11.5170001984
-4.819 -6.412 -2.327 -0.411392834284 -0.436143250338 11.5640001297
-4.797 -6.411 -2.314 -0.425987877302 -0.463543490201 11.623000145
-4.827 -6.391 -2.449 -0.453940644627 -0.376636449618 11.6780002117
-4.881 -6.376 -2.651 -0.457563637146 -0.244407457876 11.737000227
-4.899 -6.387 -2.683 -0.469880849841 -0.231978851575 11.7890000343
-4.944 -6.403 -2.603 -0.502699144216 -0.300371890843 11.8410000801
-4.961 -6.405 -2.602 -0.545239516353 -0.326530885601 11.8920001984
-4.983 -6.42 -2.678 -0.548369594527 -0.274147128453 11.9560000896
