-19.736 -4.005 -2.419 -0.50803542759 -0.447917264603 0.0190000534058
-19.728 -4.009 -2.411 -0.499195605261 -0.447271970157 0.0710000991821
-19.726 -4.011 -2.529 -0.513181871441 -0.360656526276 0.128000020981
-19.736 -4.034 -2.344 -0.434885428445 -0.445623315959 0.184000015259
-19.719 -4.04 -2.173 -0.343491069437 -0.499712932733 0.241000175476
-19.697 -4.055 -2.078 -0.329340865933 -0.592666728189 0.297000169754
-19.683 -4.075 -2.045 -0.323167648766 -0.629630459492 0.357000112534
-19.68 -4.106 -2.083 -0.347331906217 -0.617747508884 0.412000179291
-19.688 -4.131 -2.066 -0.347837247393 -0.644034584958 0.47000002861
-19.693 -4.148 -2.143 -0.368638261823 -0.572346796986 0.529000043869
-19.685 -4.159 -2.168 -0.305859881313 -0.449767811845 0.589000225067
-19.674 -4.169 -2.17 -0.273463382759 -0.400404150102 0.644000053406
-19.687 -4.171 -2.171 -0.311008416618 -0.454401119009 0.705000162125
-19.705 -4.174 -2.267 -0.365747122668 -0.437591087922 0.764000177383
-19.667 -4.216 -2.231 -0.34423402174 -0.443354117474 0.819000005722
-19.665 -4.233 -2.277 -0.385793041869 -0.452304887205 0.881000041962
-19.654 -4.248 -2.261 -0.393391093497 -0.476445805714 0.936000108719
-19.669 -4.275 -2.242 -0.373873241538 -0.470745498187 0.992000102997
-19.679 -4.29 -2.306 -0.390492396572 -0.431801729627 1.04400014877
-19.686 -4.279 -2.262 -0.312725691365 -0.377979410669 1.09400010109
-19.68 -4.282 -2.279 -0.281497593816 -0.328694877167 1.15799999237
-19.668 -4.304 -2.086 -0.213626168075 -0.377291054092 1.21800017357
-19.667 -4.306 -2.186 -0.253156976362 -0.358227752168 1.26900005341
-19.67 -4.32 -2.176 -0.299658626576 -0.433155766387 1.32700014114
-19.678 -4.333 -2.245 -0.35152262242 -0.439887562734 1.375
-19.684 -4.349 -2.186 -0.326123450192 -0.461478376659 1.43200016022
-19.702 -4.352 -2.37 -0.43759772706 -0.425678994597 1.49300003052
-19.692 -4.342 -2.381 -0.404855777181 -0.385252712452 1.55400013924
-19.727 -4.307 -2.528 -0.396764821819 -0.279433515684 1.60900020599
-19.754 -4.255 -2.647 -0.452288918502 -0.243920296613 1.66100001335
-19.766 -4.238 -2.767 -0.483907072845 -0.190251061022 1.71400022507
-19.762 -4.225 -2.761 -0.471172659189 -0.188516220599 1.75900006294
-19.759 -4.229 -2.721 -0.468655711035 -0.209622003888 1.81300020218
-19.763 -4.236 -2.678 -0.413772492711 -0.20685782334 1.86100006104
-19.753 -4.242 -2.623 -0.355076051436 -0.20263999259 1.92000007629
-19.756 -4.243 -2.766 -0.369440639163 -0.145674587732 1.98000001907
-19.742 -4.228 -2.819 -0.368108012377 -0.123047193648 2.03600001335
-19.745 -4.214 -2.925 -0.454398160443 -0.0999877699853 2.09500002861
-19.739 -4.212 -3.04 -0.466604672085 -0.0475673681962 2.14900016785
-19.734 -4.21 -3.096 -0.481789820071 -0.0219813092571 2.20200014114
-19.731 -4.21 3.115 -0.497482046158 0.0132324870702 2.25800013542
-19.74 -4.205 2.95 -0.578416974602 0.11219664298 2.31600022316
-19.742 -4.195 2.935 -0.540538995252 0.113287716461 2.37400007248
-19.753 -4.178 2.923 -0.43568747964 0.0967845594568 2.42500019073
-19.74 -4.161 2.849 -0.353340214559 0.106439679402 2.47699999809
-19.76 -4.14 2.639 -0.326826240607 0.17964778698 2.53600001335
-19.79 -4.116 2.56 -0.366836006992 0.241175276923 2.58800005913
-19.788 -4.098 2.438 -0.358561861265 0.304221276389 2.63700008392
-19.773 -4.09 2.415 -0.346621147545 0.308076857494 2.69600009918
-19.753 -4.081 2.453 -0.382741067289 0.314985505626 2.7570002079
-19.743 -4.077 2.5 -0.341994590036 0.255477584292 2.81300020218
-19.744 -4.069 2.555 -0.401254084609 0.266686298129 2.86600017548
-19.743 -4.071 2.548 -0.444823080221 0.300153924618 2.91300010681
-19.753 -4.064 2.534 -0.457309133607 0.317986050518 2.96700000763
-19.756 -4.069 2.584 -0.483803756442 0.301700501837 3.02600002289
-19.742 -4.072 2.52 -0.452832982561 0.32437156539 3.08000016212
-19.732 -4.073 2.587 -0.532158399561 0.329641329376 3.12900018692
-19.749 -4.061 2.619 -0.576969887608 0.332340166207 3.17900013924
-19.755 -4.039 2.513 -0.497555536277 0.36170368611 3.23100018501
-19.756 -4.026 2.566 -0.549447168323 0.356529324807 3.28000020981
-19.736 -4.021 2.563 -0.525591485614 0.34329473377 3.33800005913
-19.731 -4.012 2.537 -0.457947570893 0.316396123557 3.38800001144
-19.74 -3.986 2.527 -0.404264743963 0.285320771255 3.44500017166
-19.742 -3.98 2.538 -0.423121103726 0.29170984249 3.5
-19.753 -3.966 2.562 -0.436392731158 0.285656749476 3.5600001812
-19.758 -3.954 2.577 -0.444162154592 0.281317173248 3.61200022697
-19.766 -3.953 2.573 -0.445436600759 0.284627216493 3.67000007629
-19.783 -3.952 2.535 -0.40976732655 0.28432078821 3.72300004959
-19.797 -3.965 2.655 -0.455888461704 0.241173805556 3.77700018883
-19.813 -3.955 2.623 -0.445955996327 0.254504688294 3.83000016212
-19.833 -3.967 2.774 -0.481021986254 0.185239757042 3.89100003242
-19.816 -3.985 2.842 -0.421684165609 0.130254013849 3.94400000572
-19.807 -4.046 3.116 -0.455957636778 0.0116717142227 4.0
-19.788 -4.072 -2.96 -0.414318600329 -0.0760752748691 4.0490000248
-19.778 -4.082 -2.778 -0.31949694713 -0.121571809231 4.10700011253
-19.752 -4.09 -2.562 -0.261537109196 -0.171198636334 4.15600013733
-19.731 -4.076 -2.694 -0.317478298488 -0.152417974299 4.21200013161
-19.721 -4.086 -2.508 -0.297678196225 -0.218683852018 4.26400017738
-19.718 -4.084 -2.448 -0.319457402446 -0.265594964482 4.31200003624
-19.741 -4.089 -2.373 -0.323053917313 -0.312374218126 4.37700009346
-19.748 -4.109 -2.291 -0.328151703849 -0.373992608971 4.42800021172
-19.769 -4.095 -2.309 -0.33504741433 -0.368264528283 4.48400020599
-19.796 -4.082 -2.345 -0.312025084858 -0.319090396056 4.54600000381
-19.799 -4.082 -2.432 -0.360822884938 -0.309882134983 4.6210000515
-19.797 -4.095 -2.475 -0.363688935951 -0.286122472677 4.68099999428
-19.832 -4.058 -2.481 -0.379309213758 -0.294744114198 4.74000000954
-19.862 -4.027 -2.481 -0.396733161245 -0.308283479396 4.79400014877
-19.889 -4.051 -2.345 -0.380221275771 -0.388830781121 4.85199999809
-19.901 -4.087 -2.358 -0.367942275614 -0.366616021963 4.91000008583
-19.884 -4.104 -2.233 -0.295881122977 -0.379508958347 4.96400022507
-19.882 -4.107 -2.101 -0.227234298231 -0.387645729954 5.02500009537
-19.885 -4.118 -2.263 -0.319568837021 -0.38546498966 5.09400010109
-19.834 -4.117 -2.098 -0.199812576463 -0.343222184877 5.14100003242
-19.813 -4.133 -2.136 -0.203869363224 -0.321447756338 5.1970000267
-19.798 -4.147 -1.982 -0.165038680187 -0.378474389478 5.24500012398
-19.788 -4.158 -2.031 -0.204331164976 -0.412205264303 5.30000019073
-19.768 -4.166 -1.979 -0.186522558219 -0.431268814838 5.35700011253
-19.754 -4.186 -1.879 -0.119856821544 -0.376496235473 5.41600012779
-19.686 -4.228 -1.504 0.0226435396114 -0.338489466055 5.47600007057
-19.674 -4.228 -1.512 0.0250530793406 -0.425608273229 5.52500009537
-19.671 -4.255 -1.722 -0.0695965460904 -0.456770325805 5.58600020409
-19.658 -4.264 -1.729 -0.0758417973477 -0.475387230556 5.64200019836
-19.659 -4.255 -1.839 -0.116630104281 -0.424379254643 5.70100021362
-19.578 -4.25 -1.267 0.159225822886 -0.507896141181 5.75300002098
-19.546 -4.269 -1.194 0.216387900902 -0.546844642055 5.80599999428
-19.515 -4.291 -1.079 0.300929099294 -0.561751659083 5.85500001907
-19.481 -4.305 -0.967 0.361699491507 -0.524411531571 5.91200017929
-19.434 -4.322 -0.924 0.387242869819 -0.512794736712 5.97100019455
-19.393 -4.333 -0.905 0.401604339619 -0.511314761547 6.02800011635
-19.352 -4.351 -0.92 0.399071305966 -0.524085859565 6.08800005913
-19.317 -4.371 -0.898 0.445918750182 -0.559625902472 6.14500021935
-19.287 -4.384 -0.929 0.466063923477 -0.623630643225 6.20100021362
-19.261 -4.389 -0.958 0.456531619387 -0.649322362545 6.25100016594
-19.223 -4.39 -0.91 0.478962272935 -0.616122402424 6.31100010872
-19.19 -4.377 -0.899 0.527163123297 -0.662946360931 6.36400008202
-19.147 -4.379 -0.826 0.561546445842 -0.60910310294 6.42200016975
-19.094 -4.369 -0.699 0.637580197467 -0.535937397537 6.48000001907
-19.045 -4.369 -0.595 0.719294175707 -0.486833802281 6.53900003433
-18.991 -4.356 -0.564 0.747113765553 -0.47257623106 6.59500002861
-18.943 -4.341 -0.454 0.809807822805 -0.395184607327 6.65600013733
-18.925 -4.319 -0.396 0.785475274501 -0.328396323774 6.70700001717
-18.912 -4.3 -0.352 0.721699544027 -0.265077821463 6.76300001144
-18.893 -4.29 -0.432 0.644012330424 -0.296917966501 6.8180000782
-18.875 -4.298 -0.526 0.531737718365 -0.308703710331 6.87900018692
-18.85 -4.292 -0.517 0.490598876958 -0.278947244792 6.94100022316
-18.857 -4.308 -0.608 0.440536363524 -0.306589537092 7.00100016594
-18.875 -4.324 -0.621 0.392217365102 -0.28060004998 7.06300020218
-18.889 -4.332 -0.618 0.385764430949 -0.274237609891 7.12400007248
-18.926 -4.319 -0.649 0.272263544412 -0.206546662816 7.1740000248
-18.917 -4.305 -0.454 0.240878572067 -0.117548264212 7.22600007057
-18.899 -4.295 -0.44 0.293408250127 -0.138130890703 7.28299999237
-18.863 -4.275 -0.256 0.384891065752 -0.100742542916 7.34200000763
-18.855 -4.253 -0.086 0.372292008712 -0.0320962798206 7.39900016785
-18.844 -4.225 -0.252 0.320359653045 -0.0824840928001 7.46600008011
-18.829 -4.213 0.049 0.423090571141 0.0207480459973 7.52600002289
-18.853 -4.188 0.347 0.405666653658 0.146702232409 7.57800006866
-18.874 -4.149 0.774 0.387603119224 0.378866396093 7.63300013542
-18.877 -4.076 1.122 0.27739207798 0.57601445121 7.69600009918
-18.866 -4.023 1.153 0.279902350754 0.630507270678 7.75200009346
-18.861 -3.978 1.171 0.265482220774 0.628281235764 7.80800008774
-18.842 -3.926 1.161 0.271762411827 0.625619808457 7.875
-18.834 -3.881 1.245 0.243926020513 0.72202766044 7.92300009727
-18.817 -3.841 1.183 0.287261869256 0.703243755447 7.97300004959
-18.779 -3.815 1.07 0.362683922111 0.662633752127 8.02800011635
-18.776 -3.795 1.114 0.310981374842 0.632764029722 8.08900022507
-18.787 -3.788 1.058 0.299469930352 0.531884421309 8.14500021935
-18.791 -3.782 1.126 0.242686172443 0.509146225002 8.20399999619
-18.78 -3.775 0.966 0.329020075178 0.476011973751 8.25500011444
-18.771 -3.782 0.868 0.370314901848 0.437166458584 8.31300020218
-18.762 -3.787 0.817 0.418706573562 0.446043360484 8.37400007248
-18.753 -3.794 0.703 0.45166939887 0.382758079691 8.42900013924
-18.755 -3.805 0.676 0.46507142643 0.373018414837 8.48500013351
-18.767 -3.831 0.735 0.381813612299 0.345145173722 8.54700016975
-18.784 -3.842 0.746 0.364529327531 0.33688075163 8.60500001907
-18.794 -3.847 0.692 0.384348163177 0.31851087116 8.66600012779
-18.802 -3.846 0.637 0.381187999735 0.282037632856 8.72500014305
-18.779 -3.837 0.573 0.464169728994 0.299486598508 8.78100013733
-18.749 -3.831 0.541 0.494751871445 0.297241855528 8.83900022507
-18.739 -3.826 0.558 0.426045396724 0.265923429872 8.89700007439
-18.719 -3.812 0.484 0.499970847757 0.262837486281 8.95900011063
-18.697 -3.792 0.575 0.460601604684 0.298490794719 9.0110001564
-18.699 -3.772 0.72 0.372469367805 0.326680926189 9.06700015068
-18.688 -3.771 0.66 0.292171516889 0.226755749651 9.13900017738
-18.69 -3.803 0.86 0.11261462163 0.130808173411 9.19400000572
-18.678 -3.834 1.424 0.0110647155781 0.0748324086554 9.24700021744
-18.736 -3.88 -2.84 -0.282478554328 -0.0878740399985 9.30599999428
-18.787 -3.913 -2.865 -0.425144446163 -0.120685257016 9.3630001545
-18.835 -3.94 -2.776 -0.476523019962 -0.182413680908 9.43099999428
-18.87 -3.958 -2.755 -0.556992996924 -0.22673925995 9.48200011253
-18.911 -3.977 -2.836 -0.568146289339 -0.17923580394 9.54000020027
-18.928 -3.981 -2.849 -0.572427539974 -0.17243721865 9.59900021553
-18.963 -3.982 -2.819 -0.576206752105 -0.192608205808 9.66100001335
-18.989 -3.995 -2.783 -0.582476819079 -0.218310542969 9.72000002861
-19.02 -4.008 -2.815 -0.582555158972 -0.197324355425 9.78000020981
-19.049 -4.022 -2.761 -0.528591389823 -0.211489459559 9.84000015259
-19.048 -4.022 -2.667 -0.539046476439 -0.276938976787 9.89800000191
-19.047 -4.016 -2.764 -0.564833796405 -0.224026642967 9.95500016212
-19.061 -4.012 -2.835 -0.556959188568 -0.17631913984 10.0140001774
-19.078 -4.019 -2.805 -0.54558563868 -0.190904655017 10.0830001831
-19.087 -4.023 -2.791 -0.541389794298 -0.197986389851 10.1360001564
-19.091 -4.029 -2.696 -0.486855024831 -0.232536961021 10.1940000057
-19.089 -4.051 -2.625 -0.459840611933 -0.261210737761 10.2570002079
-19.089 -4.061 -2.641 -0.493849621991 -0.270171432798 10.3180000782
-19.089 -4.057 -2.634 -0.499730318545 -0.277951201311 10.3760001659
-19.082 -4.055 -2.52 -0.482959359152 -0.3459515746 10.4270000458
-19.101 -4.073 -2.465 -0.475113606226 -0.381535855321 10.4790000916
-19.11 -4.092 -2.451 -0.506373584072 -0.418433177608 10.5430002213
-19.118 -4.111 -2.36 -0.455060074357 -0.451609716918 10.5990002155
-19.1 -4.103 -2.422 -0.441702992646 -0.387085295841 10.6579999924
-19.093 -4.084 -2.499 -0.40489791899 -0.303099093502 10.7150001526
-19.096 -4.061 -2.692 -0.40683627219 -0.196319968825 10.7730000019
-19.103 -4.071 -2.67 -0.457664937292 -0.23339590343 10.8330001831
-19.127 -4.057 -2.675 -0.392100436988 -0.197495792902 10.8900001049
-19.157 -3.995 -2.827 -0.452833099454 -0.147351395157 10.9460000992
-19.174 -3.971 -2.82 -0.534697503541 -0.178138695931 10.9970002174
-19.191 -3.944 -2.876 -0.581634176818 -0.158215523002 11.0570001602
-19.208 -3.898 -3.003 -0.559834996487 -0.0780896390888 11.1260001659
-19.226 -3.868 3.098 -0.551171883688 0.0240422762588 11.1760001183
-19.246 -3.873 -3.082 -0.546006051961 -0.0325765214758 11.2350001335
-19.262 -3.866 3.118 -0.530413348194 0.0125161806937 11.2940001488
-19.264 -3.871 -3.141 -0.52243990825 -0.000309625923326 11.3470001221
-19.25 -3.87 -3.015 -0.434767855638 -0.0553343232467 11.4000000954
-19.271 -3.879 -3.019 -0.573880416784 -0.070708101599 11.4580001831
-19.289 -3.902 -2.868 -0.60542036992 -0.169899018683 11.5170001984
-19.3 -3.951 -2.719 -0.644417584422 -0.28978547352 11.5640001297
-19.311 -3.999 -2.644 -0.595276489145 -0.32334274709 11.623000145
-19.325 -4.027 -2.587 -0.585888219057 -0.362923842891 11.6780002117
-19.335 -4.055 -2.642 -0.589851746844 -0.321925564432 11.737000227
-19.349 -4.07 -2.593 -0.510578407251 -0.312050468747 11.7890000343
-19.351 -4.076 -2.669 -0.475752000193 -0.243219570423 11.8410000801
-19.33 -4.073 -2.824 -0.358541402241 -0.117859662034 11.8920001984
-19.321 -4.082 -2.627 -0.371629251132 -0.210120628276 11.9560000896
