7.151 -0.364 1.819 -0.215252445299 0.849358786905 0.0190000534058
7.126 -0.326 1.784 -0.188056513484 0.868645545143 0.0710000991821
7.089 -0.285 1.835 -0.228146578825 0.843338870376 0.128000020981
7.058 -0.266 1.813 -0.212735552982 0.861090648479 0.184000015259
7.017 -0.212 1.84 -0.252432963437 0.914940361223 0.241000175476
7.013 -0.181 1.833 -0.239736417439 0.893263799657 0.297000169754
7.0 -0.131 1.88 -0.282677818105 0.884889940211 0.357000112534
6.966 -0.083 1.937 -0.341837650568 0.891357906577 0.412000179291
6.941 -0.05 1.976 -0.361505776869 0.842787403557 0.47000002861
6.891 -0.026 2.07 -0.419847487766 0.769982384927 0.529000043869
6.834 0.012 2.176 -0.536955174431 0.776167309962 0.589000225067
6.788 0.01 2.227 -0.547936108466 0.711568600319 0.644000053406
6.723 -0.017 2.309 -0.571432120017 0.628084775836 0.705000162125
6.671 -0.034 2.411 -0.601709972656 0.539123345833 0.764000177383
6.603 -0.024 2.441 -0.641021328756 0.540574567349 0.819000005722
6.514 0.005 2.485 -0.685315095089 0.528144635315 0.881000041962
6.438 0.059 2.453 -0.767719799426 0.631812548661 0.936000108719
6.379 0.09 2.409 -0.789578776248 0.710303053173 0.992000102997
6.338 0.144 2.374 -0.795663929051 0.767822317034 1.04400014877
6.303 0.196 2.349 -0.779277550023 0.790572012172 1.09400010109
6.23 0.241 2.425 -0.832305487822 0.724985852296 1.15799999237
6.169 0.26 2.48 -0.881327105611 0.686254202846 1.21800017357
6.121 0.297 2.438 -0.864647484627 0.733608868695 1.26900005341
6.075 0.328 2.434 -0.876227620521 0.749482549869 1.32700014114
6.043 0.338 2.549 -0.865459040733 0.582728402903 1.375
6.018 0.362 2.572 -0.795390601474 0.50936336948 1.43200016022
5.985 0.38 2.561 -0.739680867916 0.485242355157 1.49300003052
5.948 0.407 2.659 -0.767050385565 0.401865874292 1.55400013924
5.921 0.415 2.646 -0.7307683282 0.39504860498 1.60900020599
5.893 0.436 2.612 -0.686948796047 0.402119185976 1.66100001335
5.863 0.458 2.648 -0.715210591005 0.384791737981 1.71400022507
5.841 0.471 2.643 -0.629636072717 0.342822063161 1.75900006294
5.818 0.492 2.641 -0.638823161856 0.349482436065 1.81300020218
5.796 0.512 2.65 -0.669617217448 0.358536934034 1.86100006104
5.759 0.534 2.574 -0.632286909647 0.403131841106 1.92000007629
5.71 0.547 2.608 -0.678296273182 0.40070570795 1.98000001907
5.669 0.574 2.629 -0.667608057839 0.375708128026 2.03600001335
5.623 0.615 2.643 -0.692204815906 0.376889275252 2.09500002861
5.574 0.635 2.735 -0.676127982264 0.291131358752 2.14900016785
5.533 0.654 2.696 -0.675122454337 0.32245928632 2.20200014114
5.508 0.66 2.767 -0.662497310145 0.260464918271 2.25800013542
5.464 0.689 2.646 -0.657437617704 0.355406499862 2.31600022316
5.429 0.726 2.616 -0.646097990378 0.374744484617 2.37400007248
5.399 0.734 2.621 -0.650233940532 0.372811004887 2.42500019073
5.369 0.73 2.583 -0.629074897046 0.393165982927 2.47699999809
5.326 0.749 2.663 -0.669301274159 0.347249139392 2.53600001335
5.29 0.76 2.73 -0.710054857505 0.30995742839 2.58800005913
5.254 0.785 2.619 -0.704644127014 0.405881747589 2.63700008392
5.213 0.804 2.626 -0.672749765719 0.381263659886 2.69600009918
5.173 0.823 2.626 -0.676206278369 0.3832225497 2.7570002079
5.149 0.838 2.537 -0.608145837461 0.420168154085 2.81300020218
5.11 0.856 2.575 -0.630058116443 0.400825197443 2.86600017548
5.056 0.897 2.519 -0.704183643273 0.505484366203 2.91300010681
4.992 0.944 2.513 -0.767994059345 0.558302062628 2.96700000763
4.946 0.957 2.643 -0.814275430901 0.443353859949 3.02600002289
4.907 0.981 2.599 -0.801888671853 0.483506273835 3.08000016212
4.868 0.999 2.636 -0.767131185554 0.424673530734 3.12900018692
4.793 1.031 2.648 -0.825699633451 0.444236146671 3.17900013924
4.717 1.108 2.573 -0.868234308962 0.554788524792 3.23100018501
4.654 1.133 2.637 -0.971941585231 0.536784720963 3.28000020981
4.614 1.158 2.68 -1.04910805089 0.521861949872 3.33800005913
4.71 1.044 3.062 -0.989091765516 0.0788911001175 3.38800001144
4.628 1.058 2.98 -1.02344684074 0.166836177447 3.44500017166
4.54 1.076 2.891 -0.995166427574 0.25473604561 3.5
4.475 1.106 2.796 -0.977037378881 0.351774372992 3.5600001812
4.423 1.135 2.758 -0.963672601266 0.388923341539 3.61200022697
4.373 1.164 2.698 -0.930844035897 0.442315574852 3.67000007629
4.344 1.155 2.819 -0.908180089486 0.303576688312 3.72300004959
4.316 1.143 2.912 -0.809606752512 0.189216209831 3.77700018883
4.268 1.155 2.944 -0.856405385755 0.171456627899 3.83000016212
4.212 1.163 2.963 -0.834290863115 0.150602809891 3.89100003242
4.168 1.177 2.916 -0.759813131474 0.174376470879 3.94400000572
4.101 1.226 2.795 -0.847894750743 0.30623577137 4.0
4.045 1.251 2.786 -0.875520515238 0.32515026388 4.0490000248
3.976 1.263 2.816 -0.890639222728 0.300686773351 4.10700011253
3.965 1.255 2.816 -0.815628709983 0.27536263708 4.15600013733
3.947 1.263 2.863 -0.77616461559 0.222007315617 4.21200013161
3.925 1.305 2.726 -0.707560543278 0.312244066128 4.26400017738
3.885 1.332 2.691 -0.686589575812 0.332162575368 4.31200003624
3.813 1.358 2.77 -0.765606123833 0.29835406105 4.37700009346
3.815 1.42 2.812 -0.72077757609 0.246556236519 4.42800021172
3.749 1.418 2.771 -0.772416767659 0.300118773103 4.48400020599
3.67 1.424 2.742 -0.91042285267 0.384483533765 4.54600000381
3.601 1.44 2.703 -0.928308987424 0.435434843287 4.6210000515
3.556 1.475 2.683 -0.872469722663 0.430735843706 4.68099999428
3.516 1.513 2.658 -0.822898475149 0.432174603512 4.74000000954
3.479 1.543 2.689 -0.824236935819 0.40079074198 4.79400014877
3.462 1.574 2.704 -0.785726705298 0.367596702757 4.85199999809
3.422 1.587 2.694 -0.783538640307 0.376168616594 4.91000008583
3.363 1.605 2.645 -0.817316334932 0.442892636038 4.96400022507
3.314 1.612 2.684 -0.790484424382 0.389277263116 5.02500009537
3.273 1.637 2.673 -0.763042072373 0.386249361958 5.09400010109
3.248 1.65 2.648 -0.730771435703 0.393163656058 5.14100003242
3.214 1.672 2.685 -0.656232129157 0.322349200872 5.1970000267
3.201 1.686 2.755 -0.61940770335 0.252146876245 5.24500012398
3.147 1.697 2.718 -0.635992196786 0.286761640969 5.30000019073
3.063 1.73 2.576 -0.653996061546 0.415135748722 5.35700011253
3.044 1.748 2.591 -0.633746830568 0.389070450373 5.41600012779
3.008 1.771 2.621 -0.621617775742 0.356403954307 5.47600007057
3.013 1.797 2.488 -0.564243763972 0.432147999207 5.52500009537
2.975 1.793 2.565 -0.558576012818 0.363247199445 5.58600020409
2.902 1.8 2.607 -0.63923575189 0.378493411437 5.64200019836
2.863 1.82 2.649 -0.571879861219 0.306941095908 5.70100021362
2.839 1.852 2.61 -0.555950887885 0.326931601985 5.75300002098
2.797 1.835 2.68 -0.624280607935 0.310538361656 5.80599999428
2.752 1.858 2.7 -0.68773491101 0.325111293933 5.85500001907
2.709 1.908 2.63 -0.744081640461 0.417765789136 5.91200017929
2.629 1.964 2.559 -0.799042977647 0.52647367771 5.97100019455
2.597 2.001 2.553 -0.817922903135 0.545979321029 6.02800011635
2.525 2.048 2.6 -0.873197917012 0.525312909431 6.08800005913
2.469 2.048 2.721 -0.947553566749 0.423825150907 6.14500021935
2.426 2.052 2.736 -0.930588889647 0.39959605665 6.20100021362
2.377 2.08 2.699 -0.956261711065 0.453221844063 6.25100016594
2.321 2.111 2.783 -1.03685900347 0.388611605844 6.31100010872
2.282 2.127 2.758 -1.00146670202 0.404176455448 6.36400008202
2.222 2.16 2.694 -0.998486692606 0.479362903784 6.42200016975
2.176 2.177 2.589 -0.927903428221 0.572217748695 6.48000001907
2.093 2.215 2.617 -1.05629301311 0.611251628101 6.53900003433
2.018 2.232 2.659 -1.03499974203 0.542247398671 6.59500002861
1.977 2.229 2.641 -0.926065531004 0.506624770446 6.65600013733
1.916 2.244 2.642 -0.956845370558 0.522221028655 6.70700001717
1.878 2.268 2.569 -0.806524414861 0.519911825521 6.76300001144
1.86 2.28 2.517 -0.681445671234 0.491230494962 6.8180000782
1.829 2.302 2.51 -0.650772955793 0.476077438755 6.87900018692
1.786 2.309 2.547 -0.68226020456 0.461363297841 6.94100022316
1.741 2.336 2.456 -0.642314832755 0.525383582834 7.00100016594
1.734 2.315 2.606 -0.573143472617 0.340134512481 7.06300020218
1.663 2.311 2.701 -0.626681276005 0.29548318921 7.12400007248
1.617 2.343 2.676 -0.743180956163 0.373399139448 7.1740000248
1.581 2.349 2.67 -0.739516097699 0.377131857085 7.22600007057
1.484 2.349 2.744 -0.827775195355 0.347631170667 7.28299999237
1.419 2.351 2.809 -0.82943105594 0.286505626196 7.34200000763
1.358 2.321 3.063 -0.828792750047 0.0652714665861 7.39900016785
1.304 2.311 -3.139 -0.825477225624 -0.00214018128764 7.46600008011
1.265 2.28 -3.045 -0.784701029153 -0.0760329679926 7.52600002289
1.232 2.262 -2.985 -0.739991605215 -0.11683378439 7.57800006866
1.173 2.259 -2.979 -0.793383142231 -0.130147169743 7.63300013542
1.132 2.269 -3.061 -0.72735145258 -0.0587464282244 7.69600009918
1.125 2.306 3.069 -0.632050978093 0.0459630230944 7.75200009346
1.089 2.288 3.109 -0.603112520646 0.0196640008528 7.80800008774
1.025 2.287 3.125 -0.587621099929 0.00975108824697 7.875
0.991 2.352 2.888 -0.616623169659 0.159811672464 7.92300009727
0.943 2.386 2.84 -0.662889933442 0.20621323507 7.97300004959
0.878 2.366 2.785 -0.652494145576 0.24306563352 8.02800011635
0.807 2.385 2.705 -0.703485830058 0.32826382672 8.08900022507
0.745 2.402 2.708 -0.715023962318 0.33103931059 8.14500021935
0.677 2.398 2.815 -0.800377693599 0.271105679957 8.20399999619
0.634 2.406 2.851 -0.796842797565 0.238302476566 8.25500011444
0.62 2.451 2.796 -0.775186792106 0.279099708608 8.31300020218
0.583 2.449 2.719 -0.714335527937 0.321226583848 8.37400007248
0.553 2.437 2.754 -0.664264979625 0.271181916824 8.42900013924
0.517 2.464 2.667 -0.645145303719 0.331448006991 8.48500013351
0.454 2.507 2.58 -0.715142850144 0.449946731417 8.54700016975
0.412 2.521 2.64 -0.75866404921 0.416030325151 8.60500001907
0.329 2.55 2.589 -0.821459948973 0.506576383218 8.66600012779
0.266 2.567 2.667 -0.864037176805 0.443905269971 8.72500014305
0.231 2.579 2.748 -0.825891619493 0.342960443421 8.78100013733
0.174 2.567 2.933 -0.849589668799 0.179834006981 8.83900022507
0.119 2.552 3.091 -0.797570173316 0.0403856546374 8.89700007439
0.043 2.542 -3.139 -0.830202209744 -0.00215243156212 8.95900011063
-0.003 2.553 3.081 -0.776335670148 0.0470978919376 9.0110001564
-0.048 2.595 2.981 -0.816685475135 0.13229292598 9.06700015068
-0.115 2.581 3.066 -0.847782000574 0.0642084387132 9.13900017738
-0.163 2.544 -3.14 -0.871518894675 -0.00138802886978 9.19400000572
-0.223 2.534 3.131 -0.869854197023 0.0092144088174 9.24700021744
-0.271 2.61 2.969 -0.836354732751 0.145799266214 9.30599999428
-0.317 2.627 2.891 -0.769507975081 0.196973504337 9.3630001545
-0.377 2.63 2.89 -0.793646547641 0.203998199605 9.43099999428
-0.399 2.617 2.951 -0.74577358744 0.143885440562 9.48200011253
-0.454 2.616 3.031 -0.781716035378 0.086806240985 9.54000020027
-0.533 2.628 3.086 -0.771400439903 0.0429284306044 9.59900021553
-0.616 2.622 -3.138 -0.870185384159 -0.0031262880947 9.66100001335
-0.699 2.611 -3.117 -0.839431092637 -0.020648000869 9.72000002861
-0.76 2.609 -3.13 -0.825878502144 -0.00957455229327 9.78000020981
-0.82 2.608 -3.137 -0.846002077786 -0.00388542179727 9.84000015259
-0.877 2.598 -3.106 -0.835552466104 -0.0297520942278 9.89800000191
-0.953 2.585 -3.049 -0.896106888585 -0.0832108506974 9.95500016212
-1.014 2.589 -3.104 -0.878733717586 -0.0330495023125 10.0140001774
-1.067 2.57 -3.006 -0.89576793236 -0.122209425623 10.0830001831
-1.113 2.575 -3.014 -0.903101607151 -0.115858535164 10.1360001564
-1.166 2.582 -2.994 -0.868606676185 -0.129139032841 10.1940000057
-1.254 2.585 -3.039 -0.896711159796 -0.0923201023535 10.2570002079
-1.308 2.57 -3.036 -0.882720948953 -0.0935568196574 10.3180000782
-1.359 2.598 3.117 -0.864308567809 0.0212599273672 10.3760001659
-1.42 2.654 2.987 -0.875650249072 0.136457895559 10.4270000458
-1.47 2.725 2.839 -0.859654491127 0.268366318277 10.4790000916
-1.545 2.782 2.764 -0.82732615058 0.328137411984 10.5430002213
-1.589 2.807 2.656 -0.726889775168 0.383608910434 10.5990002155
-1.632 2.831 2.689 -0.734973491643 0.35738579315 10.6579999924
-1.687 2.845 2.704 -0.741423466651 0.346869744721 10.7150001526
-1.727 2.883 2.7 -0.728442567348 0.3443549278 10.7730000019
-1.78 2.912 2.624 -0.75066631472 0.427406642637 10.8330001831
-1.825 2.927 2.63 -0.753171013043 0.422869031446 10.8900001049
-1.856 2.94 2.649 -0.722604252933 0.387838349177 10.9460000992
-1.878 2.951 2.634 -0.689739141686 0.383634564301 10.9970002174
-1.928 2.971 2.611 -0.669738653448 0.392944642515 11.0570001602
-1.998 3.004 2.711 -0.700820087331 0.321913666558 11.1260001659
-2.028 3.056 2.648 -0.726589293571 0.390913614239 11.1760001183
-1.976 2.968 2.696 -0.557885734419 0.266463416545 11.2350001335
-2.036 3.029 2.664 -0.597567890611 0.30927415714 11.2940001488
-2.093 3.067 2.683 -0.627532700911 0.30981112623 11.3470001221
-2.128 3.088 2.662 -0.649400178137 0.33774861811 11.4000000954
-2.183 3.121 2.697 -0.690986938682 0.329188435105 11.4580001831
-2.25 3.167 2.723 -0.734694717546 0.326855097331 11.5170001984
-2.298 3.194 2.707 -0.769009846346 0.356967785532 11.5640001297
-2.326 3.219 2.698 -0.746797604675 0.35486096389 11.623000145
-2.359 3.237 2.683 -0.747112568768 0.368847370049 11.6780002117
-2.409 3.269 2.619 -0.722537930759 0.416188749459 11.737000227
-2.436 3.275 2.697 -0.703164618172 0.3349899214 11.7890000343
-2.452 3.3 2.678 -0.680709100085 0.340307790517 11.8410000801
-2.489 3.325 2.696 -0.67938337651 0.324494434039 11.8920001984
-2.519 3.36 2.665 -0.681101473527 0.351644270761 11.9560000896
