-4.65 -6.089 0.882 0.382586675232 0.464690789686 0.589000225067
-4.614 -6.063 0.807 0.451903485945 0.471861613188 0.644000053406
-4.734 -5.571 2.133 -0.281076709914 0.446136760818 2.25800013542
-4.744 -5.556 2.279 -0.371406920955 0.433678848217 2.31600022316
-4.981 -6.014 -1.717 -0.113455146476 -0.770470415123 4.96400022507
-4.979 -6.035 -1.791 -0.150800115857 -0.673716212382 5.02500009537
-4.661 -6.438 -0.901 0.348268671683 -0.439776084957 6.36400008202
-4.655 -6.448 -0.898 0.327104755821 -0.410514906818 6.42200016975
-4.154 -6.526 0.019 0.713110264233 0.0135507256637 7.52600002289
-4.125 -6.508 0.11 0.697655797244 0.077053169801 7.57800006866
-3.67 -6.299 0.325 0.559422862722 0.18849627832 8.20399999619
-3.669 -6.288 0.299 0.553225605599 0.170526758109 8.25500011444
-3.995 -5.908 2.282 -0.415968991458 0.482773348213 9.54000020027
-4.01 -5.898 2.33 -0.427628215921 0.450639247639 9.59900021553
-4.305 -5.493 2.239 -0.511144198134 0.647563478614 10.3760001659
-4.328 -5.481 2.285 -0.511158039131 0.589663123874 10.4270000458
-4.779 -5.72 -2.331 -0.674485602898 -0.709358221479 11.5170001984
-4.806 -5.744 -2.308 -0.676779948775 -0.745373000601 11.5640001297
