-13.905 -10.201 -1.755 -0.0885776167954 -0.475416692394 0.0190000534058
-13.906 -10.207 -1.811 -0.12001911526 -0.490008774433 0.0710000991821
-13.894 -10.221 -1.783 -0.100621150214 -0.467033667555 0.128000020981
-13.885 -10.228 -1.774 -0.101292943713 -0.491599891053 0.184000015259
-13.861 -10.231 -1.732 -0.0875990909201 -0.538691022349 0.241000175476
-13.874 -10.228 -1.73 -0.0868290864768 -0.540780609481 0.297000169754
-13.875 -10.223 -1.666 -0.0549468209974 -0.575405453043 0.357000112534
-13.873 -10.213 -1.576 -0.0029993680881 -0.576389196117 0.412000179291
-13.882 -10.216 -1.588 -0.00998266149252 -0.580206128659 0.47000002861
-13.875 -10.223 -1.586 -0.00913822621689 -0.601007531359 0.529000043869
-13.874 -10.223 -1.509 0.0419037323167 -0.677230839444 0.589000225067
-13.877 -10.231 -1.55 0.0149032371899 -0.716525028119 0.644000053406
-13.873 -10.255 -1.553 0.0129188462331 -0.725851042961 0.705000162125
-13.87 -10.262 -1.536 0.0233456069218 -0.670650788329 0.764000177383
-13.835 -10.253 -1.627 -0.031575230181 -0.56120844439 0.819000005722
-13.799 -10.246 -1.593 -0.0114413453666 -0.515205974835 0.881000041962
-13.803 -10.263 -1.665 -0.051726391231 -0.547465788581 0.936000108719
-13.8 -10.274 -1.665 -0.0502556942968 -0.531900112382 0.992000102997
-13.792 -10.301 -1.599 -0.0163681442454 -0.580201163803 1.04400014877
-13.791 -10.317 -1.542 0.0169210033013 -0.587447351793 1.09400010109
-13.784 -10.347 -1.419 0.0851607266499 -0.556704017442 1.15799999237
-13.778 -10.35 -1.476 0.0472390826664 -0.496828275997 1.21800017357
-13.772 -10.367 -1.587 -0.00811172234549 -0.500566278713 1.26900005341
-13.779 -10.381 -1.601 -0.0169100056823 -0.559695608442 1.32700014114
-13.768 -10.374 -1.563 0.00447223180025 -0.573621566421 1.375
-13.766 -10.383 -1.635 -0.0381968886144 -0.594115388342 1.43200016022
-13.777 -10.405 -1.651 -0.049768643298 -0.619197115449 1.49300003052
-13.773 -10.409 -1.601 -0.0157029786083 -0.519744838153 1.55400013924
-13.761 -10.39 -1.594 -0.0103093253747 -0.444217387525 1.60900020599
-13.762 -10.39 -1.569 0.000803491154261 -0.447296278333 1.66100001335
-13.754 -10.395 -1.591 -0.00889703176214 -0.440307120582 1.71400022507
-13.746 -10.404 -1.561 0.00485273858189 -0.495347230303 1.75900006294
-13.738 -10.417 -1.449 0.0558735576333 -0.456475190434 1.81300020218
-13.721 -10.417 -1.507 0.0322082375402 -0.504175267782 1.86100006104
-13.703 -10.426 -1.498 0.0398041410988 -0.545821562227 1.92000007629
-13.685 -10.433 -1.625 -0.0266727580021 -0.491601942231 1.98000001907
-13.683 -10.434 -1.571 -0.000104202266109 -0.511614989388 2.03600001335
-13.688 -10.435 -1.62 -0.0236575658922 -0.480420862979 2.09500002861
-13.69 -10.428 -1.652 -0.0381311772834 -0.468541952871 2.14900016785
-13.692 -10.438 -1.601 -0.0160685082864 -0.531843317564 2.20200014114
-13.683 -10.431 -1.588 -0.00706898468444 -0.410859192249 2.25800013542
-13.694 -10.404 -1.388 0.0492682019376 -0.266516395934 2.31600022316
-13.701 -10.385 -1.479 0.0154029749388 -0.167323534878 2.37400007248
-13.715 -10.329 -1.269 0.0113404384496 -0.0364286407209 2.42500019073
-13.73 -10.204 1.173 0.122991327446 0.292698477096 2.47699999809
-13.734 -10.05 1.291 0.168259809482 0.585589983836 2.53600001335
-13.73 -9.983 1.308 0.17184935417 0.638802451206 2.58800005913
-13.721 -9.95 1.274 0.192580155573 0.629697808336 2.63700008392
-13.706 -9.896 1.283 0.204604839359 0.691198824816 2.69600009918
-13.712 -9.855 1.405 0.119236337623 0.712571821806 2.7570002079
-13.729 -9.824 1.447 0.0833083720879 0.669505768983 2.81300020218
-13.739 -9.809 1.5 0.0438768007132 0.618725192796 2.86600017548
-13.749 -9.8 1.562 0.00417588794133 0.474718633644 2.91300010681
-13.75 -9.809 1.449 0.0446796984282 0.365023719849 2.96700000763
-13.763 -9.843 1.434 0.0389543848111 0.282983428858 3.02600002289
-13.773 -9.867 1.784 -0.045611431335 0.21068223537 3.08000016212
-13.783 -9.867 1.968 -0.104344620688 0.24873514098 3.12900018692
-13.791 -9.884 2.155 -0.12626518238 0.190965651557 3.17900013924
-13.776 -9.891 1.987 -0.0465068225969 0.10521267291 3.23100018501
-13.768 -9.889 2.596 -0.0714449922783 0.0433712153318 3.28000020981
-13.781 -9.935 -2.452 -0.0993621601351 -0.0819391556784 3.33800005913
-13.786 -9.995 -1.935 -0.0830991376092 -0.217987975422 3.38800001144
-13.791 -10.055 -1.734 -0.0506668311089 -0.307690291984 3.44500017166
-13.784 -10.113 -1.79 -0.0921698179348 -0.413719373133 3.5
-13.784 -10.139 -1.706 -0.0600566327482 -0.441483865348 3.5600001812
-13.786 -10.169 -1.684 -0.0571087513468 -0.502321083341 3.61200022697
-13.801 -10.182 -1.815 -0.127493512997 -0.511658980728 3.67000007629
-13.822 -10.175 -2.092 -0.262189534482 -0.456647946708 3.72300004959
-13.832 -10.203 -1.955 -0.215874022314 -0.533951438064 3.77700018883
-13.85 -10.222 -1.988 -0.219366948266 -0.494936141732 3.83000016212
-13.84 -10.23 -1.851 -0.112911505295 -0.392360569665 3.89100003242
-13.851 -10.166 -1.796 -0.0488816652457 -0.213373453372 3.94400000572
-13.895 -10.05 -2.356 -0.109700417356 -0.109743096967 4.0
-13.932 -9.98 -2.83 -0.208372526789 -0.0671135565692 4.0490000248
-13.943 -9.971 -2.895 -0.249053079678 -0.0626905350672 4.10700011253
-13.938 -9.982 -2.654 -0.206652658157 -0.109587876248 4.15600013733
-13.913 -10.014 -2.496 -0.150140581396 -0.113096872897 4.21200013161
-13.936 -9.971 -2.772 -0.227690708272 -0.0882061528898 4.26400017738
-13.957 -9.945 -3.001 -0.281076020157 -0.0397796684445 4.31200003624
-13.923 -10.034 -2.436 -0.205232985658 -0.174836767477 4.37700009346
-13.924 -10.046 -2.408 -0.22325773943 -0.201246391554 4.42800021172
-13.919 -10.049 -2.079 -0.13040091972 -0.234111820669 4.48400020599
-13.902 -10.084 -1.919 -0.129427373311 -0.356554987062 4.54600000381
-13.852 -10.132 -1.64 -0.025035472429 -0.361187380782 4.6210000515
-13.765 -10.167 -1.256 0.107303810961 -0.329532707212 4.68099999428
-13.737 -10.173 -1.169 0.120096720516 -0.282638870181 4.74000000954
-13.727 -10.174 -1.126 0.132483526367 -0.277945326038 4.79400014877
-13.715 -10.182 -0.982 0.167995977464 -0.251561118929 4.85199999809
-13.695 -10.136 -0.683 0.163890149575 -0.133346803851 4.91000008583
-13.677 -10.013 0.77 0.165118018189 0.160109712614 4.96400022507
-13.664 -9.909 1.186 0.134175010841 0.33130865409 5.02500009537
-13.669 -9.885 1.291 0.0833309741455 0.290014495757 5.09400010109
-13.679 -9.893 1.208 0.0835130522613 0.220003507115 5.14100003242
-13.705 -9.926 1.585 -0.0023701298635 0.166856167442 5.1970000267
-13.757 -9.905 1.95 -0.0953471065503 0.239271224834 5.24500012398
-13.831 -9.883 2.234 -0.257804860998 0.329989759208 5.30000019073
-13.894 -9.868 2.272 -0.300163928132 0.355497847658 5.35700011253
-13.94 -9.845 2.292 -0.337084860215 0.383399632414 5.41600012779
-13.971 -9.792 2.202 -0.349453084314 0.478074216874 5.47600007057
-14.005 -9.736 2.16 -0.390669280895 0.584481694747 5.52500009537
-14.022 -9.691 2.203 -0.433562678244 0.591898214428 5.58600020409
-14.039 -9.653 2.182 -0.458013817262 0.6536405847 5.64200019836
-14.058 -9.625 2.22 -0.484663510184 0.638598573437 5.70100021362
-14.079 -9.593 2.214 -0.490314451862 0.654157865901 5.75300002098
-14.099 -9.587 2.241 -0.487297433066 0.61481983371 5.80599999428
-14.108 -9.585 2.269 -0.454866524501 0.542009586894 5.85500001907
-14.108 -9.575 2.214 -0.395415905933 0.527548034096 5.91200017929
-14.124 -9.577 2.311 -0.455255971707 0.498384641066 5.97100019455
-14.149 -9.584 2.394 -0.481101829517 0.44603426824 6.02800011635
-14.172 -9.598 2.5 -0.46259874992 0.345571580865 6.08800005913
-14.184 -9.599 2.59 -0.441782332389 0.271828088565 6.14500021935
-14.193 -9.608 2.848 -0.417066128717 0.126091428642 6.20100021362
-14.185 -9.627 2.861 -0.391216398871 0.112747037991 6.25100016594
-14.183 -9.655 3.053 -0.34227240377 0.0304024015035 6.31100010872
-14.21 -9.689 -2.87 -0.382734024211 -0.106581297236 6.36400008202
-14.24 -9.717 -2.656 -0.38567026393 -0.203533678403 6.42200016975
-14.256 -9.748 -2.397 -0.301049201641 -0.277430915248 6.48000001907
-14.262 -9.773 -2.385 -0.319411278785 -0.301520085556 6.53900003433
-14.269 -9.802 -2.255 -0.328712162395 -0.40301245504 6.59500002861
-14.266 -9.828 -2.198 -0.337334449982 -0.465391247184 6.65600013733
-14.256 -9.828 -2.216 -0.367222408055 -0.487897087639 6.70700001717
-14.252 -9.852 -2.186 -0.342333156281 -0.484415791455 6.76300001144
-14.237 -9.857 -2.177 -0.298863817554 -0.431084875817 6.8180000782
-14.217 -9.847 -2.176 -0.241758662599 -0.349461518846 6.87900018692
-14.203 -9.838 -2.261 -0.258851867977 -0.313501980186 6.94100022316
-14.203 -9.833 -2.293 -0.291562182071 -0.330954242067 7.00100016594
-14.211 -9.857 -2.322 -0.305279819588 -0.32690550379 7.06300020218
-14.212 -9.861 -2.225 -0.293100933551 -0.382209818147 7.12400007248
-14.223 -9.865 -2.296 -0.356397179418 -0.402110380696 7.1740000248
-14.221 -9.875 -2.223 -0.345418834451 -0.452303935714 7.22600007057
-14.232 -9.901 -2.163 -0.335524019694 -0.498733620957 7.28299999237
-14.244 -9.919 -2.256 -0.384997127757 -0.471057235108 7.34200000763
-14.237 -9.936 -2.247 -0.354381840852 -0.441651413315 7.39900016785
-14.234 -9.943 -2.191 -0.308988491367 -0.43262579124 7.46600008011
-14.243 -9.96 -2.116 -0.313979601133 -0.5176694592 7.52600002289
-14.242 -9.95 -2.021 -0.259247802983 -0.53640477857 7.57800006866
-14.24 -9.961 -2.044 -0.281126563287 -0.549072321159 7.63300013542
-14.243 -9.961 -1.915 -0.198629838379 -0.554098888223 7.69600009918
-14.25 -9.967 -1.9 -0.186850377802 -0.54692927648 7.75200009346
-14.256 -9.98 -1.843 -0.151043065148 -0.541116881713 7.80800008774
-14.243 -9.985 -1.735 -0.0877107096385 -0.529348565475 7.875
-14.206 -9.977 -1.634 -0.0331148697857 -0.523241160788 7.92300009727
-14.207 -9.957 -1.631 -0.0320301888446 -0.531387541166 7.97300004959
-14.224 -9.949 -1.72 -0.0788645479192 -0.524641620897 8.02800011635
-14.229 -9.959 -1.732 -0.0914096731238 -0.562124215564 8.08900022507
-14.227 -9.976 -1.701 -0.0704716563662 -0.538179673274 8.14500021935
-14.218 -9.993 -1.697 -0.0746813055138 -0.588607207637 8.20399999619
-14.211 -10.011 -1.58 -0.00572987754349 -0.622546631854 8.25500011444
-14.19 -10.038 -1.578 -0.004710030563 -0.653826035166 8.31300020218
-14.15 -10.075 -1.551 0.0126778679676 -0.640331508293 8.37400007248
-14.124 -10.11 -1.657 -0.0557231504684 -0.644810741457 8.42900013924
-14.091 -10.133 -1.578 -0.00413514639497 -0.574023105814 8.48500013351
-14.058 -10.154 -1.629 -0.0307862064884 -0.528341811836 8.54700016975
-14.032 -10.15 -1.579 -0.00449837631893 -0.548324548292 8.60500001907
-14.004 -10.163 -1.486 0.0416981016811 -0.490565016967 8.66600012779
-13.975 -10.177 -1.478 0.0525666307139 -0.564846253156 8.72500014305
-13.953 -10.198 -1.495 0.0497729321818 -0.655408793684 8.78100013733
-13.925 -10.226 -1.532 0.0282067367776 -0.726681772471 8.83900022507
-13.884 -10.241 -1.486 0.0555311246926 -0.653306170516 8.89700007439
-13.817 -10.258 -1.259 0.188869909047 -0.585989644176 8.95900011063
-13.758 -10.269 -1.168 0.276716061797 -0.649425970552 9.0110001564
-13.728 -10.295 -1.171 0.293932652395 -0.695611064047 9.06700015068
-13.711 -10.299 -1.105 0.297011253306 -0.590845189215 9.13900017738
-13.69 -10.279 -1.071 0.273049899316 -0.500056532792 9.19400000572
-13.748 -10.227 -1.073 0.191515220504 -0.352409849301 9.24700021744
-13.74 -10.247 -1.135 0.217965548773 -0.468083481747 9.30599999428
-13.76 -10.272 -1.309 0.161847793903 -0.604031585705 9.3630001545
-13.754 -10.296 -1.299 0.168820071576 -0.605756375711 9.43099999428
-13.733 -10.312 -1.4 0.097001268256 -0.562402073603 9.48200011253
-13.717 -10.312 -1.445 0.0694589483968 -0.549238389278 9.54000020027
-13.712 -10.323 -1.516 0.0311127382499 -0.567220354754 9.59900021553
-13.7 -10.317 -1.555 0.00863220722195 -0.546423819999 9.66100001335
-13.707 -10.317 -1.671 -0.0522635448003 -0.519826307235 9.72000002861
-13.714 -10.305 -1.78 -0.0986781741474 -0.464783270349 9.78000020981
-13.738 -10.291 -2.147 -0.284432807256 -0.437753259374 9.84000015259
-13.757 -10.295 -2.249 -0.347186093273 -0.430915212967 9.89800000191
-13.765 -10.308 -2.256 -0.334201070978 -0.408906511543 9.95500016212
-13.783 -10.329 -2.257 -0.331519720197 -0.404798981106 10.0140001774
-13.817 -10.315 -2.472 -0.37982374925 -0.300665199907 10.0830001831
-13.84 -10.297 -2.487 -0.365523825257 -0.280530996372 10.1360001564
-13.873 -10.245 -2.765 -0.396224422838 -0.156693744724 10.1940000057
-13.91 -10.226 -2.8 -0.422163661959 -0.150091775666 10.2570002079
-13.933 -10.233 -2.839 -0.45293636043 -0.141397345931 10.3180000782
-13.952 -10.222 -2.938 -0.491913017636 -0.101556946829 10.3760001659
-13.97 -10.212 -2.999 -0.494897724985 -0.0710509858377 10.4270000458
-13.997 -10.2 -3.057 -0.560770586255 -0.0475505486867 10.4790000916
-14.011 -10.175 3.12 -0.528438785703 0.0114121693117 10.5430002213
-14.019 -10.178 -3.136 -0.496515234953 -0.00277686666261 10.5990002155
-14.008 -10.234 -3.023 -0.499227685717 -0.0594838624725 10.6579999924
-14.007 -10.273 -2.987 -0.582528116857 -0.0907788937588 10.7150001526
-14.015 -10.248 -3.091 -0.611201943567 -0.030948738346 10.7730000019
-14.031 -10.211 3.023 -0.582141192501 0.0693631535771 10.8330001831
-14.053 -10.182 2.947 -0.610719861566 0.120364702935 10.8900001049
-14.091 -10.153 2.959 -0.667395809642 0.123234171217 10.9460000992
-14.099 -10.125 2.968 -0.638444149507 0.11195605636 10.9970002174
-14.119 -10.09 2.796 -0.591547779002 0.212981973414 11.0570001602
-14.145 -10.047 2.755 -0.644726282546 0.262453497588 11.1260001659
-14.154 -10.039 2.681 -0.639070371263 0.317098485695 11.1760001183
-14.167 -10.036 2.609 -0.543575691774 0.32038624545 11.2350001335
-14.149 -10.042 2.492 -0.429149540316 0.325965615253 11.2940001488
-14.139 -10.043 2.536 -0.370005435709 0.256183877303 11.3470001221
-14.143 -10.059 2.557 -0.360952931431 0.238861445594 11.4000000954
-14.167 -10.073 2.644 -0.365882936366 0.198740578396 11.4580001831
-14.188 -10.089 2.768 -0.402575849467 0.157810566914 11.5170001984
-14.2 -10.095 2.801 -0.454472640054 0.16106684433 11.5640001297
-14.228 -10.088 2.827 -0.461422782421 0.150146468597 11.623000145
-14.249 -10.102 3.044 -0.42982196317 0.0420811490573 11.6780002117
-14.234 -10.089 2.819 -0.381318508126 0.127463056313 11.737000227
-14.243 -10.105 2.86 -0.368531907187 0.106608712352 11.7890000343
-14.261 -10.134 3.088 -0.345034906435 0.0185090600154 11.8410000801
-14.269 -10.168 -2.927 -0.322680990605 -0.0703278311762 11.8920001984
-14.296 -10.193 -2.842 -0.331235848682 -0.102315434963 11.9560000896
