19.551 -14.225 1.841 -0.173909819404 0.627884461737 0.0190000534058
19.494 -14.229 1.924 -0.226295519695 0.613827075576 0.0710000991821
19.431 -14.226 2.021 -0.277445730903 0.574057770741 0.128000020981
19.412 -14.252 2.058 -0.259165496496 0.489174623213 0.184000015259
19.392 -14.235 2.05 -0.251328879779 0.483697677693 0.241000175476
19.376 -14.216 2.146 -0.269416103089 0.415550927591 0.297000169754
19.354 -14.233 2.353 -0.286249265345 0.288083973484 0.357000112534
19.339 -14.218 2.406 -0.270187895713 0.244530847909 0.412000179291
19.315 -14.229 2.234 -0.260348704395 0.333245874189 0.47000002861
19.267 -14.247 2.547 -0.271482255968 0.183583841006 0.529000043869
19.276 -14.236 2.39 -0.233470548993 0.218195914797 0.589000225067
19.247 -14.222 2.434 -0.335387006025 0.286873755839 0.644000053406
19.253 -14.225 2.371 -0.315764401979 0.306550046034 0.705000162125
19.237 -14.22 2.537 -0.37618264907 0.259904712854 0.764000177383
19.185 -14.253 2.878 -0.464864231113 0.125453902515 0.819000005722
19.161 -14.299 -3.005 -0.514977259671 -0.070782870684 0.881000041962
19.119 -14.3 -2.975 -0.597534303477 -0.100476057333 0.936000108719
19.104 -14.336 -2.848 -0.591128133363 -0.178715521866 0.992000102997
19.083 -14.353 -2.916 -0.53692164341 -0.123223062932 1.04400014877
19.059 -14.387 -2.835 -0.535618057527 -0.16956307953 1.09400010109
19.032 -14.405 -2.856 -0.540909467627 -0.158821426034 1.15799999237
19.005 -14.416 -2.786 -0.555901174386 -0.206450232058 1.21800017357
19.067 -14.461 -2.463 -0.359317790388 -0.289731000136 1.26900005341
19.086 -14.442 -2.529 -0.373596408954 -0.262557955729 1.32700014114
19.084 -14.458 -2.587 -0.397608995399 -0.246295760666 1.375
19.052 -14.463 -2.803 -0.506099539905 -0.17822508747 1.43200016022
19.071 -14.549 -2.618 -0.772047921804 -0.445735773524 1.49300003052
19.023 -14.577 -2.635 -0.750084605188 -0.416217269807 1.55400013924
19.001 -14.596 -2.629 -0.695620779212 -0.391472777635 1.60900020599
18.978 -14.607 -2.703 -0.689837025687 -0.323576612144 1.66100001335
18.946 -14.612 -2.748 -0.677310182769 -0.281260391961 1.71400022507
18.919 -14.621 -2.736 -0.649973733773 -0.279099550651 1.75900006294
18.916 -14.63 -2.773 -0.617131211921 -0.238363832193 1.81300020218
18.901 -14.638 -2.852 -0.613129196453 -0.18269362829 1.86100006104
18.885 -14.635 -2.864 -0.61920882553 -0.176443381386 1.92000007629
18.889 -14.661 -2.691 -0.517584462092 -0.250400230291 1.98000001907
19.06 -14.514 2.754 -0.740365665485 0.302249533658 2.03600001335
19.027 -14.488 2.739 -0.715291529575 0.304608815069 2.09500002861
18.984 -14.476 2.753 -0.715860855238 0.293081111685 2.14900016785
18.977 -14.486 2.781 -0.591617670187 0.223086967983 2.20200014114
18.949 -14.478 2.77 -0.60026052233 0.233919451464 2.25800013542
18.919 -14.476 2.802 -0.60024216328 0.212052726992 2.31600022316
18.992 -14.562 2.848 -0.475470319219 0.143748743183 2.37400007248
18.984 -14.573 2.757 -0.479171736235 0.193943738446 2.42500019073
18.967 -14.557 2.726 -0.527393774739 0.232737082698 2.47699999809
18.942 -14.555 2.72 -0.523132847929 0.234616805969 2.53600001335
18.936 -14.551 2.734 -0.457463456134 0.197519950785 2.58800005913
18.934 -14.551 2.753 -0.419430292789 0.171719260224 2.63700008392
18.902 -14.543 2.776 -0.487085565246 0.186457038069 2.69600009918
18.902 -14.52 2.628 -0.432194093381 0.243794189872 2.7570002079
18.922 -14.515 2.467 -0.325230609074 0.260105402716 2.81300020218
18.904 -14.501 2.472 -0.306419473274 0.242559008933 2.86600017548
18.932 -14.497 2.364 -0.302941718208 0.298249022681 2.91300010681
18.69 -14.612 2.695 -0.450621949991 0.215784615566 2.96700000763
18.563 -14.632 2.806 -0.561021570705 0.195676317149 3.02600002289
18.469 -14.629 2.877 -0.730990649308 0.198058448529 3.08000016212
18.414 -14.615 2.86 -0.839569982321 0.242870353962 3.12900018692
18.343 -14.593 2.844 -0.948195053068 0.290811901165 3.17900013924
18.275 -14.579 2.866 -1.03718116649 0.293302964348 3.23100018501
18.221 -14.574 2.871 -1.03803052534 0.287945815131 3.28000020981
18.119 -14.599 3.102 -1.12116167136 0.0444129750354 3.33800005913
18.061 -14.615 -3.081 -1.0883729748 -0.0660282333096 3.38800001144
17.976 -14.653 -2.915 -1.13597394848 -0.261901140592 3.44500017166
17.91 -14.683 -2.904 -1.10648254933 -0.267953212812 3.5
17.833 -14.713 -2.878 -1.12271429003 -0.302989302395 3.5600001812
17.74 -14.751 -2.842 -1.19532612674 -0.369224264424 3.61200022697
17.654 -14.792 -2.832 -1.18611659689 -0.379413102407 3.67000007629
17.535 -14.845 -2.784 -1.2348594118 -0.461413761259 3.72300004959
17.48 -14.882 -2.74 -1.17868367934 -0.500553757775 3.77700018883
17.412 -14.943 -2.711 -1.19907045737 -0.550779257577 3.83000016212
17.356 -14.995 -2.672 -1.13679117684 -0.576868717602 3.89100003242
17.318 -15.017 -2.684 -1.11142323403 -0.547324882517 3.94400000572
17.275 -15.056 -2.696 -1.06914135147 -0.510654852252 4.0
17.267 -15.064 -2.677 -0.965064075113 -0.483672612571 4.0490000248
17.223 -15.092 -2.648 -0.999559269244 -0.537774682401 4.10700011253
17.366 -14.87 -2.849 -0.707049066342 -0.212990406532 4.15600013733
17.362 -14.873 -2.775 -0.641066919039 -0.246136605037 4.21200013161
17.355 -14.868 -2.769 -0.601881625033 -0.235244745507 4.26400017738
17.353 -14.866 -2.774 -0.651452354591 -0.250871850638 4.31200003624
17.317 -14.889 -2.774 -0.700459099301 -0.269744163636 4.37700009346
17.299 -14.892 -2.798 -0.701150987071 -0.250860773454 4.42800021172
17.278 -14.903 -2.785 -0.668927922873 -0.249187506823 4.48400020599
17.259 -14.929 -2.713 -0.683152330726 -0.312145117842 4.54600000381
17.24 -14.96 -2.684 -0.652681619039 -0.321415712326 4.6210000515
17.233 -14.964 -2.726 -0.600515335575 -0.265005379304 4.68099999428
17.219 -14.991 -2.659 -0.540641257801 -0.283247718577 4.74000000954
17.216 -14.996 -2.747 -0.568736246877 -0.236840975949 4.79400014877
17.205 -15.003 -2.663 -0.508054541235 -0.263590566789 4.85199999809
17.188 -15.006 -2.609 -0.507551479606 -0.299153393694 4.91000008583
17.169 -15.021 -2.613 -0.532714416762 -0.311120179221 4.96400022507
17.164 -15.02 -2.63 -0.494542438097 -0.277661617595 5.02500009537
17.143 -15.045 -2.509 -0.506714217539 -0.371468741409 5.09400010109
17.132 -15.07 -2.447 -0.550717074884 -0.458795023107 5.14100003242
17.114 -15.122 -2.352 -0.528202358213 -0.532652128048 5.1970000267
17.118 -15.159 -2.317 -0.478564377115 -0.517629702399 5.24500012398
17.148 -15.184 -2.291 -0.439655139714 -0.50107243333 5.30000019073
17.151 -15.221 -2.212 -0.391635398798 -0.524687541016 5.35700011253
17.225 -15.164 -2.307 -0.383185872171 -0.422871471785 5.41600012779
17.23 -15.124 -2.356 -0.399535183757 -0.39969062534 5.47600007057
17.222 -15.102 -2.409 -0.405742904649 -0.365005282114 5.52500009537
17.189 -15.15 -2.322 -0.432304109532 -0.462928053705 5.58600020409
17.164 -15.187 -2.297 -0.484682467407 -0.545749718282 5.64200019836
17.141 -15.23 -2.292 -0.506388273536 -0.575964989375 5.70100021362
17.122 -15.267 -2.301 -0.526682093158 -0.588284684787 5.75300002098
17.109 -15.283 -2.333 -0.551245303314 -0.577429024589 5.80599999428
17.109 -15.295 -2.256 -0.502395454378 -0.614698127878 5.85500001907
17.125 -15.361 -2.161 -0.418791797073 -0.625201732027 5.91200017929
17.22 -15.304 -1.959 -0.212444893413 -0.519480268948 5.97100019455
17.242 -15.38 -1.899 -0.197175988133 -0.579045443916 6.02800011635
17.243 -15.427 -1.884 -0.192153114247 -0.593315042545 6.08800005913
17.248 -15.499 -1.82 -0.164881591448 -0.647880464149 6.14500021935
17.242 -15.561 -1.804 -0.15143767746 -0.637564625473 6.20100021362
17.244 -15.616 -1.725 -0.116780035327 -0.751298160352 6.25100016594
17.229 -15.678 -1.772 -0.156480263504 -0.767197474698 6.31100010872
17.237 -15.644 -1.724 -0.110457373387 -0.715334173662 6.36400008202
17.265 -15.703 -1.653 -0.0580748984428 -0.704883669945 6.42200016975
17.275 -15.73 -1.667 -0.0665373456083 -0.689494960709 6.48000001907
17.256 -15.704 -1.718 -0.0871096052061 -0.587481970537 6.53900003433
17.245 -15.652 -1.876 -0.147397203484 -0.467857672946 6.59500002861
17.254 -15.618 -2.029 -0.145053176942 -0.294098156463 6.65600013733
17.268 -15.611 -2.255 -0.200275830516 -0.245545079786 6.70700001717
17.258 -15.503 -2.512 -0.241825531565 -0.176167727985 6.76300001144
17.25 -15.464 -2.832 -0.306809502004 -0.0981417386023 6.8180000782
17.234 -15.452 -2.941 -0.373025298403 -0.0758461582111 6.87900018692
17.216 -15.462 -2.947 -0.397972387347 -0.0784350259323 6.94100022316
17.341 -15.255 1.815 -0.163657826599 0.656794175463 7.00100016594
17.312 -15.238 1.947 -0.227398193035 0.575666257573 7.06300020218
17.328 -15.161 1.801 -0.155777463565 0.664698123293 7.12400007248
17.306 -15.174 1.866 -0.18351318367 0.603485679913 7.1740000248
17.345 -15.093 1.756 -0.133996391871 0.71521709843 7.22600007057
17.331 -15.058 1.778 -0.137859074213 0.655782226896 7.28299999237
17.352 -14.982 1.681 -0.083094518949 0.750953699831 7.34200000763
17.369 -14.92 1.609 -0.0305786503613 0.800021820564 7.39900016785
17.397 -14.869 1.582 -0.00844938708348 0.754130667419 7.46600008011
17.424 -14.818 1.507 0.0481145624394 0.753166713076 7.52600002289
17.449 -14.764 1.492 0.0632471159909 0.801003889708 7.57800006866
17.47 -14.742 1.473 0.0719757034203 0.733627712547 7.63300013542
17.49 -14.713 1.442 0.0941293139815 0.726792851518 7.69600009918
17.474 -14.711 1.496 0.0579841092097 0.773780489273 7.75200009346
17.462 -14.689 1.46 0.0849810579554 0.763861383541 7.80800008774
17.528 -14.634 1.324 0.199270228145 0.790967845531 7.875
17.627 -14.589 1.204 0.284671067868 0.740979526761 7.92300009727
17.643 -14.557 1.127 0.318342618648 0.669593654546 7.97300004959
17.656 -14.532 1.091 0.336266666534 0.646229224244 8.02800011635
17.734 -14.489 1.031 0.403835831304 0.674011422143 8.08900022507
17.765 -14.456 1.063 0.382540928069 0.687443240782 8.14500021935
17.791 -14.4 1.102 0.351667589801 0.694374189748 8.20399999619
17.842 -14.35 1.051 0.414332571662 0.723988789475 8.25500011444
17.83 -14.312 1.128 0.338544388325 0.713925733895 8.31300020218
17.834 -14.289 1.159 0.297915842893 0.682090897551 8.37400007248
17.88 -14.267 1.135 0.305469802856 0.655999857293 8.42900013924
17.879 -14.261 1.059 0.315260580485 0.561242052966 8.48500013351
17.887 -14.242 1.019 0.305546633857 0.496356087485 8.54700016975
17.864 -14.246 1.177 0.156656163862 0.377030796203 8.60500001907
17.791 -14.294 1.65 -0.0107809331879 0.135831831912 8.66600012779
17.709 -14.36 -2.653 -0.249047664471 -0.132389196019 8.72500014305
17.674 -14.391 -2.391 -0.263110408076 -0.245404149163 8.78100013733
17.646 -14.416 -2.23 -0.231054196781 -0.298199968596 8.83900022507
17.645 -14.429 -2.25 -0.231331846477 -0.286534013559 8.89700007439
17.619 -14.484 -2.334 -0.335921232684 -0.351173453429 8.95900011063
17.583 -14.547 -2.283 -0.349560912431 -0.404880708246 9.0110001564
17.631 -14.499 -2.729 -0.277233671296 -0.121349920234 9.06700015068
17.584 -14.587 -2.232 -0.294813710766 -0.378920685559 9.13900017738
17.536 -14.683 -1.999 -0.264373719265 -0.579197058283 9.19400000572
17.449 -14.841 -1.934 -0.311872276895 -0.820576487136 9.24700021744
17.418 -14.949 -1.865 -0.261656566032 -0.863562785408 9.30599999428
17.414 -14.983 -1.9 -0.267416724181 -0.782754828733 9.3630001545
17.422 -15.01 -1.854 -0.224013997762 -0.769738480093 9.43099999428
17.402 -15.042 -1.843 -0.209384518431 -0.750127108326 9.48200011253
17.408 -15.101 -1.874 -0.244620920719 -0.78191127325 9.54000020027
17.394 -15.151 -1.901 -0.257539123657 -0.751385211062 9.59900021553
17.401 -15.188 -1.881 -0.243491142663 -0.759599294158 9.66100001335
17.383 -15.196 -1.886 -0.23434501737 -0.718684939429 9.72000002861
17.372 -15.224 -1.899 -0.245330824632 -0.720461439552 9.78000020981
17.376 -15.223 -1.862 -0.205243058855 -0.684773249837 9.84000015259
17.377 -15.242 -1.848 -0.205706289356 -0.722970744965 9.89800000191
17.376 -15.269 -1.833 -0.204806377522 -0.763113610079 9.95500016212
17.434 -15.183 -1.733 -0.114967919293 -0.702560393531 10.0140001774
17.379 -15.281 -1.823 -0.201356377408 -0.781388140748 10.0830001831
17.432 -15.199 -1.822 -0.180495401399 -0.703344473426 10.1360001564
17.505 -15.169 -1.485 0.0498550863995 -0.57965999548 10.1940000057
17.55 -15.216 -1.376 0.132799737396 -0.673091493214 10.2570002079
17.546 -15.289 -1.439 0.0985508130738 -0.743416265387 10.3180000782
17.524 -15.278 -1.493 0.0513582266071 -0.658830251128 10.3760001659
17.51 -15.201 -1.447 0.0660014880848 -0.530419403558 10.4270000458
17.483 -15.198 -1.503 0.0331826311628 -0.488695738707 10.4790000916
17.446 -15.217 -1.582 -0.0058582669563 -0.522866182602 10.5430002213
17.445 -15.249 -1.538 0.020672573881 -0.630105977367 10.5990002155
17.409 -15.293 -1.568 0.00193938153214 -0.693544288426 10.6579999924
17.41 -15.322 -1.551 0.014838594883 -0.749465120366 10.7150001526
17.408 -15.364 -1.585 -0.0118813708296 -0.836443619027 10.7730000019
17.376 -15.4 -1.756 -0.167749197992 -0.895375561811 10.8330001831
17.356 -15.45 -1.738 -0.156571277095 -0.927667772499 10.8900001049
17.34 -15.5 -1.709 -0.132455122314 -0.952295511352 10.9460000992
17.332 -15.488 -1.634 -0.0581525707958 -0.91885665995 10.9970002174
17.322 -15.514 -1.614 -0.0366626780723 -0.848072895606 11.0570001602
17.321 -15.551 -1.639 -0.0544922955558 -0.79772499195 11.1260001659
17.319 -15.58 -1.687 -0.0913809890299 -0.782843614092 11.1760001183
17.323 -15.507 -1.687 -0.0887797069664 -0.760558923661 11.2350001335
17.323 -15.485 -1.656 -0.0664869860457 -0.778440817475 11.2940001488
17.536 -15.675 -1.352 0.315356536642 -1.41825128278 11.3470001221
17.544 -15.739 -1.367 0.287813306749 -1.39265342399 11.4000000954
17.65 -15.763 -0.82 0.97310600343 -1.04289105746 11.4580001831
17.694 -15.822 -0.909 0.858163638445 -1.10164014759 11.5170001984
17.707 -15.859 -0.985 0.750412162503 -1.13101687378 11.5640001297
17.759 -15.927 -0.933 0.796791915872 -1.075112594 11.623000145
17.892 -15.813 -0.838 0.836842035112 -0.929859593056 11.6780002117
17.945 -15.847 -0.848 0.817675401855 -0.92704074133 11.737000227
17.517 -15.85 -1.724 -0.0879322561723 -0.569459021869 11.7890000343
17.491 -15.86 -1.678 -0.0567056471205 -0.526924558807 11.8410000801
17.49 -15.896 -1.645 -0.0411138219675 -0.553049901383 11.8920001984
17.485 -15.927 -1.615 -0.0241069751901 -0.545006104799 11.9560000896
