37.599 -20.082 2.818 -1.0533173151 0.353263004281 0.128000020981
37.506 -20.066 2.891 -1.03043046515 0.263762698073 0.184000015259
37.008 -19.999 2.927 -0.881073597589 0.192028650677 0.705000162125
36.952 -19.97 2.843 -0.872618270263 0.268587458246 0.764000177383
36.443 -19.749 2.778 -0.980576969189 0.373119421972 1.15799999237
36.402 -19.725 2.692 -0.910355453872 0.439294543138 1.21800017357
35.834 -19.613 2.781 -1.08711118849 0.409927477022 1.60900020599
35.768 -19.579 2.717 -1.03258389187 0.466823390876 1.66100001335
35.272 -19.332 2.696 -1.32631985774 0.633491231129 2.03600001335
35.201 -19.282 2.661 -1.30736295681 0.681612452064 2.09500002861
34.705 -19.08 2.578 -0.734839957948 0.464393617233 2.69600009918
34.645 -19.044 2.563 -0.707838708181 0.462331121277 2.7570002079
34.134 -18.842 2.632 -0.869781491876 0.486054806862 3.28000020981
34.058 -18.809 2.602 -0.897761471339 0.537647840081 3.33800005913
33.594 -18.612 2.653 -1.13368965013 0.602648740489 3.67000007629
33.555 -18.589 2.582 -1.04864841995 0.656854724853 3.72300004959
33.009 -18.409 2.571 -0.864876816462 0.555082273278 4.26400017738
32.946 -18.39 2.596 -0.895454616964 0.543592402682 4.31200003624
32.309 -18.149 2.85 -1.49332822471 0.448219618076 4.74000000954
32.209 -18.086 2.825 -1.55721575227 0.510162751078 4.79400014877
31.651 -17.952 2.734 -1.25351582451 0.541233142553 5.1970000267
31.597 -17.927 2.683 -1.20866239819 0.596713220317 5.24500012398
31.086 -17.708 2.706 -1.51625689523 0.705677293707 5.52500009537
31.02 -17.666 2.667 -1.47491619372 0.75774872741 5.58600020409
30.541 -17.505 2.694 -1.63809678925 0.786432948368 5.85500001907
30.478 -17.476 2.692 -1.60712607526 0.775523134391 5.91200017929
29.985 -17.268 2.562 -1.24687522086 0.816187569508 6.36400008202
29.911 -17.215 2.523 -1.23493316233 0.87900877143 6.42200016975
29.439 -16.999 2.752 -1.02570062284 0.4211309521 6.87900018692
29.375 -16.96 2.612 -0.912493772237 0.534146438586 6.94100022316
28.841 -16.888 2.717 -0.862587363411 0.38996924229 7.46600008011
28.782 -16.863 2.674 -0.866602901071 0.437583402853 7.52600002289
28.297 -16.671 2.692 -1.12551637872 0.543121042754 7.92300009727
28.193 -16.635 2.704 -1.2068248583 0.564604506537 7.97300004959
27.677 -16.532 2.984 -1.48063271203 0.235287897239 8.31300020218
27.625 -16.516 3.016 -1.28637853591 0.16241454257 8.37400007248
27.138 -16.343 2.732 -1.10278987033 0.478772907669 8.89700007439
27.037 -16.308 2.726 -1.1872123658 0.523912787362 8.95900011063
26.567 -16.113 2.689 -1.27958059503 0.622204652348 9.30599999428
26.488 -16.06 2.675 -1.2890211439 0.649262864476 9.3630001545
25.966 -15.832 2.612 -1.12363765173 0.657743721868 9.78000020981
25.891 -15.813 2.644 -1.10344845456 0.599371991128 9.84000015259
25.338 -15.599 2.677 -1.44780575664 0.725613988614 10.1940000057
25.274 -15.592 2.756 -1.46723261058 0.595567558256 10.2570002079
24.813 -15.388 2.636 -1.22737980075 0.679460988359 10.7150001526
24.743 -15.351 2.714 -1.30861123463 0.59634793215 10.7730000019
24.253 -15.185 2.685 -0.96908294241 0.476025324248 11.2350001335
24.205 -15.179 2.663 -0.983881394396 0.510460655998 11.2940001488
23.723 -14.999 2.714 -1.09183715522 0.497561699402 11.737000227
23.654 -14.966 2.731 -1.12729106226 0.490750375811 11.7890000343
