-15.083 1.204 2.69 -0.53968997115 0.261760897461 0.0190000534058
-15.102 1.238 2.629 -0.513898881312 0.289205596645 0.0710000991821
-15.12 1.262 2.534 -0.494117314386 0.343580308696 0.128000020981
-15.135 1.291 2.506 -0.514659484765 0.379672353935 0.184000015259
-15.137 1.335 2.487 -0.475976014086 0.365300470871 0.241000175476
-15.152 1.366 2.476 -0.499449624685 0.392120596973 0.297000169754
-15.163 1.392 2.424 -0.502737758551 0.438798400324 0.357000112534
-15.176 1.395 2.417 -0.476113313947 0.421468057631 0.412000179291
-15.182 1.382 2.453 -0.469195387509 0.386135063631 0.47000002861
-15.186 1.369 2.517 -0.464463901171 0.334815879967 0.529000043869
-15.2 1.379 2.542 -0.481480561995 0.329110728768 0.589000225067
-15.206 1.391 2.495 -0.438298470955 0.330845998252 0.644000053406
-15.216 1.411 2.482 -0.424785849767 0.329401211836 0.705000162125
-15.229 1.434 2.422 -0.426336611269 0.373619006546 0.764000177383
-15.242 1.445 2.402 -0.421327389987 0.384395030335 0.819000005722
-15.253 1.451 2.494 -0.374860586177 0.283549328011 0.881000041962
-15.215 1.457 2.47 -0.302822769737 0.240698606204 0.936000108719
-15.209 1.475 2.706 -0.387258256566 0.180232887527 0.992000102997
-15.211 1.479 2.823 -0.454887772769 0.150034830121 1.04400014877
-15.196 1.474 2.816 -0.44510880122 0.150272215521 1.09400010109
-15.17 1.455 2.862 -0.322188296329 0.0925045606093 1.15799999237
-15.182 1.409 3.108 -0.354401940598 0.0119097818886 1.21800017357
-15.195 1.376 -3.015 -0.389155794712 -0.0495291274612 1.26900005341
-15.219 1.323 -2.861 -0.372125406819 -0.107245088655 1.32700014114
-15.183 1.235 -2.43 -0.286083977334 -0.246690715192 1.375
-15.157 1.362 2.993 -0.2658873832 0.0398022858015 1.43200016022
-15.146 1.335 -2.987 -0.227933927965 -0.0355203280872 1.49300003052
-15.118 1.338 -2.203 -0.133838366472 -0.182715658224 1.55400013924
-15.139 1.426 -3.094 -0.263021838397 -0.0125273670855 1.60900020599
-15.148 1.457 3.107 -0.326981261067 0.0113156634905 1.66100001335
-15.121 1.452 2.941 -0.288549803803 0.0586699995006 1.71400022507
-15.094 1.436 2.897 -0.262005453361 0.0653939160624 1.75900006294
-15.087 1.426 2.72 -0.372362445531 0.166998665786 1.81300020218
-15.089 1.419 2.772 -0.476391001103 0.184551305574 1.86100006104
-15.098 1.436 2.717 -0.538966866942 0.243662856234 1.92000007629
-15.101 1.459 2.608 -0.523584963629 0.309309503558 1.98000001907
-15.111 1.471 2.621 -0.590709611093 0.33868278781 2.03600001335
-15.128 1.475 2.543 -0.557815819244 0.380470969269 2.09500002861
-15.147 1.467 2.558 -0.529144919344 0.349402523399 2.14900016785
-15.171 1.474 2.594 -0.589220279648 0.359305245178 2.20200014114
-15.202 1.483 2.647 -0.636629196787 0.343335368523 2.25800013542
-15.224 1.488 2.569 -0.615852158247 0.396998297814 2.31600022316
-15.267 1.553 2.536 -0.633232208365 0.438436484214 2.37400007248
-15.303 1.621 2.442 -0.672286650984 0.565791256123 2.42500019073
-15.307 1.587 2.489 -0.614393018073 0.469582711521 2.47699999809
-15.286 1.451 2.681 -0.500823218974 0.248502029634 2.53600001335
-15.137 1.399 2.655 -0.343053744902 0.181482060018 2.58800005913
-15.134 1.393 2.745 -0.344458220737 0.144253094603 2.63700008392
-15.163 1.393 2.597 -0.360196683792 0.218167445879 2.69600009918
-15.189 1.391 2.587 -0.366130086389 0.226796398406 2.7570002079
-15.205 1.386 2.603 -0.379708243931 0.226882588743 2.81300020218
-15.215 1.384 2.6 -0.400542365097 0.240964930241 2.86600017548
-15.23 1.383 2.624 -0.427041593068 0.243144537034 2.91300010681
-15.241 1.387 2.577 -0.408163254472 0.258516696627 2.96700000763
-15.071 1.374 2.331 -0.357627531465 0.376117783067 3.02600002289
-15.085 1.388 2.417 -0.386966316519 0.342552785259 3.08000016212
-15.076 1.388 2.448 -0.3721361468 0.309391755943 3.12900018692
-15.064 1.403 2.358 -0.313591642405 0.312461296456 3.17900013924
-15.069 1.408 2.539 -0.365883482991 0.251709435044 3.23100018501
-15.07 1.412 2.532 -0.331016418574 0.23115297057 3.28000020981
-15.064 1.431 2.363 -0.265939755858 0.262344456961 3.33800005913
-15.051 1.444 2.255 -0.247355162696 0.303265965759 3.38800001144
-15.053 1.446 2.436 -0.287105271742 0.244583284095 3.44500017166
-15.039 1.434 2.38 -0.217700353914 0.207574555054 3.5
-15.033 1.411 2.427 -0.248683475659 0.215744361593 3.5600001812
-15.046 1.414 2.482 -0.289727974476 0.224670256666 3.61200022697
-15.053 1.412 2.405 -0.305893881488 0.27740314759 3.67000007629
-15.074 1.395 2.49 -0.365843764343 0.279036543549 3.72300004959
-15.095 1.378 2.571 -0.374090334266 0.240093050482 3.77700018883
-15.071 1.374 2.506 -0.313774010706 0.2314759968 3.83000016212
-15.087 1.376 2.559 -0.329047954562 0.216803215381 3.89100003242
-15.086 1.373 2.483 -0.315083477452 0.243828081889 3.94400000572
-15.089 1.365 2.508 -0.313962326904 0.230646691314 4.0
-15.085 1.373 2.51 -0.31269501626 0.22875419319 4.0490000248
-15.062 1.381 2.476 -0.334618435624 0.262710740483 4.10700011253
-15.049 1.384 2.476 -0.367906844703 0.288845650182 4.15600013733
-15.056 1.385 2.439 -0.34420312981 0.291447150875 4.21200013161
-15.041 1.372 2.702 -0.321708109985 0.151293853259 4.26400017738
-15.019 1.361 3.003 -0.277964902167 0.0387724580023 4.31200003624
-15.037 1.352 -3.001 -0.283332533541 -0.0400990245896 4.37700009346
-15.036 1.341 -2.9 -0.305674136678 -0.0753197560752 4.42800021172
-15.057 1.325 -2.745 -0.352210845884 -0.147499758789 4.48400020599
-15.059 1.315 -2.62 -0.352155041289 -0.202375941729 4.54600000381
-15.058 1.303 -2.535 -0.31771497719 -0.220449427975 4.6210000515
-15.037 1.315 -2.381 -0.284782628284 -0.270993490002 4.68099999428
-15.039 1.315 -2.342 -0.312063816369 -0.321051164362 4.74000000954
-15.039 1.318 -2.296 -0.277144227293 -0.312692067111 4.79400014877
-15.037 1.287 -2.07 -0.218296910504 -0.400347222907 4.85199999809
-15.034 1.25 -1.915 -0.173283169362 -0.483391681103 4.91000008583
-15.037 1.221 -1.92 -0.192201540085 -0.527843025906 4.96400022507
-15.036 1.19 -1.855 -0.180812088685 -0.618983917795 5.02500009537
-15.007 1.181 -1.833 -0.154490955735 -0.575637108481 5.09400010109
-14.981 1.199 -1.805 -0.120625014793 -0.505591666595 5.14100003242
-14.961 1.206 -1.867 -0.139501573575 -0.457110167136 5.1970000267
-14.944 1.214 -1.842 -0.129517410867 -0.465798756098 5.24500012398
-14.938 1.201 -1.942 -0.178450834047 -0.458449567307 5.30000019073
-14.943 1.181 -2.025 -0.239079748059 -0.489666449017 5.35700011253
-14.944 1.161 -2.004 -0.236031766219 -0.510334259492 5.41600012779
-14.947 1.153 -2.003 -0.262996022142 -0.570130516894 5.47600007057
-14.952 1.149 -1.999 -0.275130857567 -0.602764086342 5.52500009537
-14.952 1.119 -2.015 -0.271156266078 -0.569744484666 5.58600020409
-14.963 1.106 -2.041 -0.287218748192 -0.565144096714 5.64200019836
-14.956 1.076 -1.963 -0.225246744412 -0.544556636118 5.70100021362
-14.94 1.059 -1.906 -0.17703096779 -0.508199306616 5.75300002098
-14.931 1.047 -1.846 -0.153455690425 -0.543458927387 5.80599999428
-14.921 1.049 -1.914 -0.191062525945 -0.534671657969 5.85500001907
-14.922 1.045 -1.883 -0.175941101036 -0.545115990045 5.91200017929
-14.91 1.063 -1.979 -0.194325228295 -0.449309786976 5.97100019455
-14.923 1.085 -2.38 -0.297250726589 -0.283424836947 6.02800011635
-14.956 1.125 -2.762 -0.419216300293 -0.167242346892 6.08800005913
-14.986 1.162 -3.047 -0.46460164791 -0.0440794521646 6.14500021935
-15.012 1.198 2.931 -0.455282298574 0.097322100416 6.20100021362
-15.039 1.236 2.779 -0.410426456108 0.155701731367 6.25100016594
-15.062 1.274 2.566 -0.389550186325 0.252774193619 6.31100010872
-15.063 1.304 2.418 -0.331048819901 0.292463197909 6.36400008202
-15.075 1.324 2.398 -0.375100639059 0.344979761347 6.42200016975
-15.087 1.335 2.495 -0.377085027554 0.284639533639 6.48000001907
-15.09 1.336 2.534 -0.392409591626 0.272858701164 6.53900003433
-15.085 1.321 2.607 -0.427010473531 0.252834185773 6.59500002861
-15.104 1.331 2.7 -0.510741091478 0.24144142526 6.65600013733
-15.122 1.334 2.662 -0.542163713026 0.281975661586 6.70700001717
-15.122 1.343 2.696 -0.590502272508 0.28204208013 6.76300001144
-15.135 1.365 2.654 -0.608624024305 0.322753236526 6.8180000782
-15.16 1.362 2.744 -0.668013609024 0.280537945845 6.87900018692
-15.178 1.37 2.688 -0.632655038344 0.308415382863 6.94100022316
-15.198 1.368 2.654 -0.648487653539 0.343892913635 7.00100016594
-15.218 1.376 2.604 -0.593852337657 0.354032190181 7.06300020218
-15.245 1.405 2.55 -0.553194158879 0.371671659558 7.12400007248
-15.271 1.41 2.672 -0.586834804788 0.297791404595 7.1740000248
-15.249 1.412 2.808 -0.523510147839 0.181419293423 7.22600007057
-15.234 1.409 2.812 -0.49219795916 0.168366054187 7.28299999237
-15.224 1.357 3.021 -0.471855089392 0.0571797067479 7.34200000763
-15.237 1.327 -3.044 -0.530084593997 -0.0518972289095 7.39900016785
-15.259 1.301 -2.894 -0.536710323007 -0.135669199313 7.46600008011
-15.27 1.281 -2.874 -0.506252677804 -0.138798344519 7.52600002289
-15.287 1.267 -2.822 -0.505343330655 -0.167237000605 7.57800006866
-15.299 1.257 -2.791 -0.548527481193 -0.200596643822 7.63300013542
-15.297 1.237 -2.776 -0.515939711938 -0.197502445923 7.69600009918
-15.303 1.215 -2.78 -0.521564077916 -0.19726713552 7.75200009346
-15.321 1.215 -2.736 -0.545728077587 -0.234336332867 7.80800008774
-15.334 1.211 -2.747 -0.523960545374 -0.218194862041 7.875
-15.319 1.23 -2.699 -0.44621684943 -0.211485225237 7.92300009727
-15.316 1.217 -2.635 -0.395743352325 -0.219595518305 7.97300004959
-15.324 1.217 -2.665 -0.415611225563 -0.214574937823 8.02800011635
-15.315 1.203 -2.676 -0.3811944142 -0.191524910648 8.08900022507
-15.321 1.21 -2.855 -0.464547645274 -0.136904871615 8.14500021935
-15.314 1.209 -2.874 -0.508318444491 -0.139364711886 8.20399999619
-15.316 1.213 -2.898 -0.596475989752 -0.148240909637 8.25500011444
-15.326 1.209 -2.79 -0.589044406927 -0.216081759982 8.31300020218
-15.338 1.199 -2.689 -0.509049033732 -0.247528509179 8.37400007248
-15.321 1.183 -2.616 -0.440337538893 -0.255400986425 8.42900013924
-15.322 1.165 -2.589 -0.422802494701 -0.26073305077 8.48500013351
-15.324 1.151 -2.723 -0.410409614428 -0.18258532594 8.54700016975
-15.312 1.152 -2.767 -0.327970882019 -0.12894378237 8.60500001907
-15.305 1.155 -2.827 -0.409838089419 -0.133360865929 8.66600012779
-15.294 1.146 -2.825 -0.431646057678 -0.141412479263 8.72500014305
-15.289 1.148 -2.831 -0.389403756625 -0.124991244135 8.78100013733
-15.292 1.159 -3.116 -0.390436100412 -0.0099944780362 8.83900022507
-15.279 1.154 -2.996 -0.458450770735 -0.0672227150684 8.89700007439
-15.259 1.166 2.806 -0.421453330711 0.146996906911 8.95900011063
-15.26 1.202 2.651 -0.509190245215 0.271983792646 9.0110001564
-15.277 1.221 2.588 -0.547328060959 0.338281182726 9.06700015068
-15.303 1.255 2.576 -0.528338122746 0.335372114698 9.13900017738
-15.283 1.283 2.452 -0.469781886022 0.387406343032 9.19400000572
-15.273 1.3 2.447 -0.422956362159 0.352359283559 9.24700021744
-15.275 1.323 2.496 -0.450625423735 0.339444045032 9.30599999428
-15.281 1.351 2.512 -0.470304143103 0.342612344596 9.3630001545
-15.293 1.373 2.605 -0.462213469641 0.274927985637 9.43099999428
-15.29 1.373 2.593 -0.431568304483 0.263761823449 9.48200011253
-15.275 1.364 2.702 -0.405826326936 0.190853220203 9.54000020027
-15.262 1.35 2.705 -0.402351792847 0.187747263078 9.59900021553
-15.261 1.347 2.666 -0.394835794521 0.203349017064 9.66100001335
-15.251 1.363 2.481 -0.408403873828 0.31735226475 9.72000002861
-15.249 1.381 2.404 -0.43302128056 0.393479846029 9.78000020981
-15.246 1.397 2.408 -0.395872420662 0.356842707344 9.84000015259
-15.248 1.41 2.385 -0.406647330618 0.383869781886 9.89800000191
-15.236 1.404 2.379 -0.330284456252 0.315553244292 9.95500016212
-15.229 1.413 2.491 -0.360328944245 0.274260763691 10.0140001774
-15.218 1.43 2.363 -0.295455237299 0.291460912022 10.0830001831
-15.207 1.436 2.372 -0.265958795306 0.257681701049 10.1360001564
-15.194 1.431 2.477 -0.274934194134 0.215408267705 10.1940000057
-15.199 1.437 2.736 -0.362297071793 0.15557082492 10.2570002079
-15.173 1.434 2.857 -0.329311657519 0.0963346406609 10.3180000782
-15.14 1.419 2.901 -0.344736061904 0.084579248183 10.3760001659
-15.12 1.406 3.123 -0.432310267266 0.00803872135714 10.4270000458
-15.101 1.388 -2.937 -0.436423006821 -0.0905559831184 10.4790000916
-15.12 1.365 -2.894 -0.423964624219 -0.107169433192 10.5430002213
-15.127 1.338 -2.823 -0.397120809141 -0.130981654605 10.5990002155
-15.114 1.329 -2.884 -0.349020529946 -0.091947880439 10.6579999924
-15.121 1.311 -2.8 -0.497110853603 -0.176737738093 10.7150001526
-15.126 1.268 -2.653 -0.493826934408 -0.262509391354 10.7730000019
-15.128 1.242 -2.666 -0.527405794888 -0.271625449042 10.8330001831
-15.143 1.235 -2.686 -0.554602366332 -0.271739341406 10.8900001049
-15.142 1.227 -2.678 -0.560331992452 -0.28012750569 10.9460000992
-15.145 1.225 -2.659 -0.530701755365 -0.278040307288 10.9970002174
-15.16 1.212 -2.591 -0.506366314322 -0.310868884015 11.0570001602
-15.156 1.189 -2.56 -0.464074308576 -0.305104318416 11.1260001659
-15.168 1.191 -2.621 -0.426095960302 -0.244301709333 11.1760001183
-15.157 1.191 -2.632 -0.406393512155 -0.227102464131 11.2350001335
-15.169 1.187 -2.693 -0.401125050116 -0.193069711272 11.2940001488
-15.164 1.205 -2.893 -0.420112023553 -0.10664264514 11.3470001221
-15.171 1.2 -2.862 -0.43367993166 -0.12451529736 11.4000000954
-15.159 1.2 -2.917 -0.387774120453 -0.088585727985 11.4580001831
-15.148 1.164 -2.684 -0.375316758705 -0.184826261118 11.5170001984
-15.148 1.146 -2.563 -0.338694270516 -0.221221162459 11.5640001297
-15.182 1.141 -2.778 -0.362982253216 -0.138118406572 11.623000145
-15.182 1.143 -2.765 -0.332677198098 -0.13156290463 11.6780002117
-15.19 1.146 -2.789 -0.330173408652 -0.121493710571 11.737000227
-15.21 1.152 -2.896 -0.342866478043 -0.0859403279219 11.7890000343
-15.238 1.159 -3.04 -0.319965675574 -0.0326184584311 11.8410000801
-15.269 1.142 -2.86 -0.313408028774 -0.0906625063851 11.8920001984
-15.292 1.144 -3.051 -0.340444189121 -0.0309263934194 11.9560000896
