19.112 -14.859 1.744 -0.0853801710174 0.488007379859 0.0190000534058
19.101 -14.864 1.856 -0.14124309616 0.481734827455 0.0710000991821
19.119 -14.859 1.751 -0.0880538832701 0.483334643638 0.128000020981
19.144 -14.861 1.568 0.00133725486076 0.478217130298 0.184000015259
19.122 -14.866 1.742 -0.0800297736731 0.462877521976 0.241000175476
19.122 -14.862 1.673 -0.0490379021003 0.478133889535 0.297000169754
19.155 -14.861 1.414 0.0815483257803 0.515821630553 0.357000112534
19.158 -14.87 1.402 0.0840797664157 0.493373925181 0.412000179291
19.15 -14.875 1.442 0.0608340600589 0.469712973669 0.47000002861
19.163 -14.89 1.421 0.0781545362306 0.517830398385 0.529000043869
19.178 -14.882 1.419 0.083691379761 0.547098752807 0.589000225067
19.182 -14.874 1.498 0.0413699893782 0.567293543043 0.644000053406
19.189 -14.876 1.519 0.0293664148051 0.566452293711 0.705000162125
19.189 -14.86 1.539 0.0186122137522 0.585160075052 0.764000177383
19.183 -14.846 1.582 -0.00671649518378 0.599465374898 0.819000005722
19.174 -14.873 1.684 -0.0517290470323 0.455001910086 0.881000041962
19.167 -14.877 1.752 -0.0839426262962 0.458168765321 0.936000108719
19.162 -14.88 1.704 -0.0594058303792 0.443336602051 0.992000102997
19.151 -14.882 1.821 -0.114931817002 0.449727337619 1.04400014877
19.132 -14.894 1.938 -0.134901879898 0.350713653136 1.09400010109
19.125 -14.933 2.181 -0.112649965274 0.16110756515 1.15799999237
19.135 -14.934 2.17 -0.0973032140123 0.142471033291 1.21800017357
19.116 -14.998 -2.857 -0.234623026672 -0.0686350587632 1.26900005341
19.093 -15.04 -2.553 -0.407351236133 -0.27191481064 1.32700014114
19.082 -15.056 -2.573 -0.441725527923 -0.282255897365 1.375
19.072 -15.071 -2.531 -0.497599559863 -0.348220861387 1.43200016022
19.071 -15.054 -2.613 -0.429562912731 -0.250876804138 1.49300003052
19.063 -15.054 -2.422 -0.359765253577 -0.3152793663 1.55400013924
19.059 -15.083 -2.421 -0.356121026771 -0.312715926438 1.60900020599
19.052 -15.084 -2.526 -0.386722311304 -0.273519491473 1.66100001335
19.043 -15.096 -2.454 -0.375314962735 -0.30824503076 1.71400022507
19.177 -15.072 -2.859 -0.398555647272 -0.115725996718 1.75900006294
19.161 -15.086 -2.736 -0.413054460969 -0.177366112599 1.81300020218
19.152 -15.097 -2.652 -0.399458826391 -0.21285763656 1.86100006104
19.132 -15.113 -2.626 -0.459704002402 -0.260525442521 1.92000007629
19.131 -15.113 -2.605 -0.472794226774 -0.281221498129 1.98000001907
19.115 -15.115 -2.522 -0.419609562035 -0.299305078762 2.03600001335
19.091 -15.112 -2.663 -0.403642761339 -0.209419295777 2.09500002861
19.073 -15.103 -2.623 -0.411329068033 -0.234743286575 2.14900016785
19.058 -15.089 -2.646 -0.374797694966 -0.202613196046 2.20200014114
19.043 -15.088 -2.6 -0.391084883926 -0.235275341601 2.25800013542
19.025 -15.093 -2.538 -0.355729740773 -0.245248619688 2.31600022316
19.029 -15.092 -2.483 -0.359353129536 -0.278086255123 2.37400007248
19.024 -15.091 -2.58 -0.353234007065 -0.222244390575 2.42500019073
19.024 -15.101 -2.512 -0.30344784022 -0.22105902643 2.47699999809
19.023 -15.107 -2.489 -0.360055398119 -0.275191587751 2.53600001335
19.023 -15.119 -2.516 -0.396915798857 -0.286726408317 2.58800005913
19.025 -15.128 -2.474 -0.390452783488 -0.307810823584 2.63700008392
19.025 -15.133 -2.508 -0.405583328807 -0.297954387599 2.69600009918
19.007 -15.135 -2.665 -0.418899798012 -0.216272787124 2.7570002079
18.997 -15.133 -2.809 -0.441118717774 -0.152373115954 2.81300020218
18.988 -15.122 -3.036 -0.436697093708 -0.0462841527545 2.86600017548
19.001 -15.079 2.892 -0.324217254901 0.0826455918327 2.91300010681
18.992 -15.061 2.567 -0.293865327435 0.190268169664 2.96700000763
19.006 -15.057 2.211 -0.187323952256 0.251488654774 3.02600002289
19.017 -15.055 2.053 -0.156881699762 0.299727168411 3.08000016212
19.019 -15.041 1.974 -0.167574502654 0.392837418605 3.12900018692
19.025 -15.033 1.956 -0.17317994938 0.427120573572 3.17900013924
19.039 -15.007 1.78 -0.105508179247 0.496953222157 3.23100018501
19.057 -14.977 1.666 -0.0509659966653 0.533718090849 3.28000020981
19.069 -14.943 1.633 -0.0369076286035 0.592569734694 3.33800005913
19.082 -14.955 1.611 -0.022735926057 0.565213904559 3.38800001144
19.108 -14.953 1.633 -0.0394768488228 0.633819801451 3.44500017166
19.115 -14.93 1.667 -0.0611308704957 0.633470222853 3.5
19.112 -14.908 1.643 -0.0423262508764 0.585187280401 3.5600001812
19.096 -14.906 1.76 -0.110578837043 0.577452719989 3.61200022697
19.109 -14.878 1.672 -0.0575465525985 0.566678550797 3.67000007629
19.132 -14.839 1.581 -0.00686004513996 0.672288000867 3.72300004959
19.126 -14.828 1.695 -0.0784230275528 0.628156515399 3.77700018883
19.112 -14.852 1.633 -0.0332843629441 0.53439646126 3.83000016212
19.113 -14.846 1.476 0.0456533373047 0.480150493751 3.89100003242
19.108 -14.861 1.437 0.0533276485552 0.396192146722 3.94400000572
19.123 -14.863 1.135 0.202915683286 0.435763725361 4.0
19.109 -14.873 1.236 0.154600647266 0.444391658474 4.0490000248
19.107 -14.854 1.323 0.121785714278 0.481374287305 4.10700011253
19.122 -14.876 1.177 0.210030324486 0.505488571377 4.15600013733
19.134 -14.86 1.183 0.20181374166 0.49405879713 4.21200013161
19.155 -14.847 1.098 0.249838381697 0.4884533065 4.26400017738
19.153 -14.862 1.073 0.249738498565 0.459547321681 4.31200003624
19.165 -14.854 1.038 0.290354534668 0.492393817312 4.37700009346
19.167 -14.841 1.061 0.277653161327 0.496615021369 4.42800021172
19.19 -14.83 0.99 0.305964280887 0.466190658369 4.48400020599
19.205 -14.831 0.941 0.309843621214 0.425140530904 4.54600000381
19.222 -14.796 0.951 0.30588697896 0.428652332907 4.6210000515
19.232 -14.807 0.906 0.344865578816 0.43998112631 4.68099999428
19.244 -14.708 1.264 0.210024713531 0.662959490716 4.74000000954
19.25 -14.679 1.214 0.259378298527 0.695851167919 4.79400014877
19.276 -14.673 1.177 0.273084007414 0.657242448734 4.85199999809
19.279 -14.677 1.171 0.261114662655 0.617945120582 4.91000008583
19.29 -14.663 1.192 0.243113639697 0.610811133181 4.96400022507
19.313 -14.668 1.188 0.209739243484 0.520885804636 5.02500009537
19.345 -14.668 1.111 0.223747944737 0.451837938242 5.09400010109
19.37 -14.652 1.1 0.2581302128 0.507163828427 5.14100003242
19.38 -14.634 1.103 0.261948714887 0.518508357859 5.1970000267
19.428 -14.61 0.98 0.378048417377 0.563654412866 5.24500012398
19.434 -14.602 1.01 0.33824533553 0.538556260894 5.30000019073
19.343 -14.621 1.465 0.0485092590109 0.456803553154 5.35700011253
19.361 -14.597 1.379 0.0983732655827 0.506600158495 5.41600012779
19.342 -14.605 1.542 0.00999362215664 0.346949100251 5.47600007057
19.328 -14.596 1.515 0.020678098427 0.370214969321 5.52500009537
19.339 -14.616 1.331 0.0910674101073 0.372462560766 5.58600020409
19.267 -14.635 1.524 0.0218427282078 0.466420826988 5.64200019836
19.265 -14.61 1.445 0.0645091108168 0.510098136188 5.70100021362
19.304 -14.681 1.471 0.0299004859428 0.298619781176 5.75300002098
19.265 -14.785 -2.818 -0.155222795436 -0.0520588338032 5.80599999428
19.264 -14.758 2.593 -0.0933858151093 0.057074656831 5.85500001907
19.255 -14.768 -2.678 -0.0834219384503 -0.041705238774 5.91200017929
19.253 -14.736 -1.769 -0.013371661831 -0.0665784884469 5.97100019455
19.281 -14.679 0.951 0.136289964262 0.19098887874 6.02800011635
19.265 -14.772 -0.145 0.158936417613 -0.023208663045 6.08800005913
19.367 -14.588 0.804 0.611885336154 0.635083930554 6.14500021935
19.425 -14.532 0.831 0.737844832596 0.808405610455 6.20100021362
19.434 -14.544 0.829 0.703749272004 0.767959157885 6.25100016594
19.437 -14.556 0.87 0.704659357732 0.835250254763 6.31100010872
19.482 -14.578 0.7 0.862358801321 0.726354798143 6.36400008202
19.508 -14.574 0.578 0.877083852773 0.572133808172 6.42200016975
19.536 -14.575 0.641 0.763532796581 0.569671305201 6.48000001907
19.547 -14.557 0.76 0.657906103181 0.625307816712 6.53900003433
19.547 -14.561 0.694 0.667121591945 0.555100625163 6.59500002861
19.634 -14.612 0.391 0.722094593134 0.297664983241 6.65600013733
19.597 -14.606 0.628 0.443803177838 0.322225946313 6.70700001717
19.622 -14.599 0.563 0.389339133177 0.245726184565 6.76300001144
19.543 -14.601 1.114 0.102273423883 0.20809909874 6.8180000782
19.518 -14.592 1.846 -0.0578163021141 0.204754776088 6.87900018692
19.503 -14.589 2.319 -0.130857467127 0.140972717265 6.94100022316
19.422 -14.612 3.039 -0.422019288395 0.0434486216372 7.00100016594
19.47 -14.675 -2.792 -0.352155521294 -0.128384260741 7.06300020218
19.423 -14.725 -2.648 -0.551267801399 -0.296588582526 7.12400007248
19.377 -14.77 -2.645 -0.694089633356 -0.376117757868 7.1740000248
19.351 -14.741 -2.74 -0.655072273639 -0.278190742718 7.22600007057
19.277 -14.892 -2.543 -0.732086999509 -0.499336592264 7.28299999237
19.238 -14.929 -2.412 -0.660853522254 -0.590924788417 7.34200000763
19.211 -14.954 -2.383 -0.64445445943 -0.610798697289 7.39900016785
19.286 -14.92 -2.413 -0.58266213136 -0.519959678667 7.46600008011
19.281 -14.697 2.991 -0.529577808195 0.0803589115614 7.52600002289
19.232 -14.745 -2.987 -0.549715156267 -0.0856654508586 7.57800006866
19.213 -14.773 -2.784 -0.497064427544 -0.185731561754 7.63300013542
19.256 -14.746 -2.92 -0.376453492066 -0.0848120783379 7.69600009918
19.24 -14.751 -2.598 -0.316754031204 -0.191421979198 7.75200009346
19.191 -14.802 -2.656 -0.468394245835 -0.247190444049 7.80800008774
19.119 -14.869 -2.495 -0.598663405935 -0.45189615132 7.875
19.283 -14.772 2.876 -0.654974221858 0.178165405669 7.92300009727
19.246 -14.76 2.813 -0.629826849855 0.214741456739 7.97300004959
19.224 -14.772 2.915 -0.591620007894 0.136399215027 8.02800011635
19.196 -14.789 3.018 -0.607994657409 0.0755286355345 8.08900022507
19.178 -14.819 -3.055 -0.631438228353 -0.0548149864864 8.14500021935
19.156 -14.85 -2.933 -0.603199918636 -0.127680293632 8.20399999619
19.129 -14.89 -2.806 -0.631113504888 -0.220123383464 8.25500011444
19.075 -14.946 -2.662 -0.722796823861 -0.375921714611 8.31300020218
19.077 -14.95 -2.644 -0.619745720598 -0.336633963292 8.37400007248
19.052 -14.99 -2.62 -0.571340263498 -0.328336983192 8.42900013924
19.062 -15.007 -2.521 -0.466401460544 -0.333385673674 8.48500013351
19.069 -15.028 -2.374 -0.382087097484 -0.368717230714 8.54700016975
19.061 -15.037 -2.384 -0.410851783457 -0.388616431477 8.60500001907
19.077 -15.03 -2.358 -0.399446162362 -0.398006352461 8.66600012779
19.094 -14.998 -2.378 -0.348763726025 -0.33387605785 8.72500014305
19.146 -15.028 -2.111 -0.257896972623 -0.430038638817 8.78100013733
19.134 -15.041 -2.212 -0.333384737778 -0.446647108035 8.83900022507
19.112 -15.054 -2.252 -0.367176433064 -0.452938470483 8.89700007439
19.09 -15.062 -2.287 -0.408555365642 -0.469402341927 8.95900011063
19.094 -15.06 -2.214 -0.349838190368 -0.466740074972 9.0110001564
19.113 -15.054 -2.104 -0.269800896606 -0.457112535167 9.06700015068
19.078 -15.077 -2.282 -0.381099946555 -0.442304356768 9.13900017738
19.058 -15.093 -2.307 -0.411371228022 -0.453975914242 9.19400000572
19.164 -15.095 -1.78 -0.0948994183231 -0.446984983088 9.24700021744
19.174 -15.114 -1.711 -0.0677918756406 -0.480351864929 9.30599999428
19.208 -15.162 -1.639 -0.0363932129079 -0.532768443279 9.3630001545
19.252 -15.202 -1.473 0.057123019297 -0.58223856092 9.43099999428
19.254 -15.197 -1.368 0.111712383426 -0.543287587844 9.48200011253
19.246 -15.188 -1.423 0.0817327811448 -0.548977079003 9.54000020027
19.245 -15.202 -1.436 0.0826241927409 -0.609238833816 9.59900021553
19.266 -15.243 -1.43 0.0970760723238 -0.684916710868 9.66100001335
19.276 -15.242 -1.441 0.0861721954682 -0.6601707182 9.72000002861
19.304 -15.234 -1.413 0.101181095334 -0.63588239154 9.78000020981
19.31 -15.242 -1.465 0.0722555345617 -0.680418245832 9.84000015259
19.319 -15.261 -1.398 0.117697718106 -0.674342755223 9.89800000191
19.341 -15.299 -1.326 0.179799881914 -0.719757263311 9.95500016212
19.367 -15.339 -1.272 0.223184329718 -0.72458236381 10.0140001774
19.38 -15.358 -1.17 0.262223287934 -0.618842001242 10.0830001831
19.392 -15.375 -1.15 0.280806929974 -0.627462228217 10.1360001564
19.421 -15.407 -1.168 0.288252006254 -0.676499722167 10.1940000057
19.431 -15.422 -1.146 0.270964893904 -0.599032192313 10.2570002079
19.441 -15.407 -1.088 0.274926907106 -0.524499241511 10.3180000782
19.436 -15.402 -1.067 0.283103163388 -0.513573203385 10.3760001659
19.427 -15.384 -1.114 0.265165573265 -0.539541111645 10.4270000458
19.441 -15.379 -1.037 0.278793188321 -0.471708929441 10.4790000916
19.459 -15.371 -0.948 0.276347189636 -0.384810178327 10.5430002213
19.425 -15.348 -1.097 0.203248552623 -0.396388378409 10.5990002155
19.421 -15.361 -1.137 0.192997655372 -0.416640125193 10.6579999924
19.428 -15.386 -1.18 0.209272480011 -0.507960051097 10.7150001526
19.43 -15.39 -1.1 0.250634536894 -0.492436626802 10.7730000019
19.443 -15.411 -1.206 0.20447322784 -0.535426283421 10.8330001831
19.409 -15.369 -1.217 0.145964227319 -0.39520644522 10.8900001049
19.428 -15.41 -1.186 0.190895725207 -0.471365013452 10.9460000992
19.441 -15.425 -1.155 0.214088940638 -0.484868772346 10.9970002174
19.449 -15.431 -1.108 0.234278378094 -0.46955564217 11.0570001602
19.429 -15.365 -0.757 0.22085315129 -0.208652694223 11.1260001659
19.43 -15.353 -0.601 0.289760042632 -0.198661182363 11.1760001183
19.424 -15.306 -0.411 0.239475224057 -0.104368242118 11.2350001335
19.449 -15.349 -0.61 0.262005406792 -0.183120520826 11.2940001488
19.461 -15.357 -0.552 0.32734624567 -0.20159958698 11.3470001221
19.479 -15.387 -0.675 0.283850994707 -0.22720141621 11.4000000954
19.485 -15.386 -0.676 0.28398326905 -0.227773590982 11.4580001831
19.466 -15.339 -0.3 0.287596407359 -0.0889639940537 11.5170001984
19.222 -14.835 1.338 0.182647649222 0.770356612617 11.5640001297
19.251 -14.78 1.201 0.297796569042 0.768251785528 11.623000145
19.251 -14.758 1.261 0.255590608895 0.798463777839 11.6780002117
19.265 -14.713 1.354 0.172569493069 0.783488170865 11.737000227
19.18 -14.776 1.811 -0.146402513844 0.597725755825 11.7890000343
19.14 -14.79 1.894 -0.168484256124 0.503015116833 11.8410000801
19.168 -14.766 1.648 -0.0384623874192 0.497203543305 11.8920001984
19.183 -14.721 1.447 0.0705118552534 0.566666863014 11.9560000896
