12.314 -12.607 -2.03 -0.202705281785 -0.409955030412 0.0190000534058
12.319 -12.579 -2.041 -0.163052328435 -0.320828850662 0.0710000991821
12.251 -12.533 -2.158 -0.223231336566 -0.335427325863 0.128000020981
12.229 -12.557 -2.042 -0.201696304102 -0.395885758694 0.184000015259
12.185 -12.58 -2.044 -0.225792860854 -0.44099927364 0.241000175476
12.158 -12.582 -2.01 -0.212824586788 -0.453003257488 0.297000169754
12.154 -12.612 -2.021 -0.209244405203 -0.432943683797 0.357000112534
12.14 -12.635 -1.91 -0.144912624246 -0.410702154436 0.412000179291
12.131 -12.652 -1.948 -0.157457728871 -0.397445988304 0.47000002861
12.125 -12.675 -1.95 -0.15833115392 -0.397328146583 0.529000043869
12.111 -12.703 -2.049 -0.205545355779 -0.396553244447 0.589000225067
12.159 -12.677 -1.893 -0.154603323231 -0.463110383895 0.644000053406
12.128 -12.612 -1.695 -0.0706171840295 -0.565632896759 0.705000162125
12.132 -12.621 -1.577 -0.00364591257874 -0.587694690939 0.764000177383
12.125 -12.62 -1.547 0.01291200083 -0.542502363654 0.819000005722
12.131 -12.651 -1.53 0.0239186145527 -0.585968036512 0.881000041962
12.13 -12.682 -1.556 0.00810927488652 -0.548020005165 0.936000108719
12.147 -12.693 -1.467 0.0584418698798 -0.561020248281 0.992000102997
12.16 -12.689 -1.49 0.0422284358174 -0.5215151201 1.04400014877
12.169 -12.687 -1.521 0.0250984759808 -0.503605964882 1.09400010109
12.168 -12.715 -1.664 -0.0432729852012 -0.462938938307 1.15799999237
12.174 -12.722 -1.578 -0.00326685195128 -0.453490233282 1.21800017357
12.217 -12.704 -1.485 0.0402585392598 -0.468081922442 1.26900005341
12.413 -12.824 -0.731 0.831986007054 -0.746058509145 1.32700014114
12.213 -12.695 -1.299 0.121419839279 -0.435675930561 1.375
12.226 -12.703 -1.255 0.161127404345 -0.493150712465 1.43200016022
12.21 -12.723 -1.26 0.165747259637 -0.516015827516 1.49300003052
12.208 -12.745 -1.322 0.142428956254 -0.56061113587 1.55400013924
12.231 -12.703 -1.248 0.164350891988 -0.491339314432 1.60900020599
12.241 -12.734 -1.325 0.131902456087 -0.525782319694 1.66100001335
12.225 -12.737 -1.339 0.116347349741 -0.492915853599 1.71400022507
12.221 -12.7 -1.292 0.12252174224 -0.428021199969 1.75900006294
12.232 -12.667 -1.548 0.0117928633679 -0.517224577195 1.81300020218
12.244 -12.664 -1.538 0.0172132800065 -0.524665708519 1.86100006104
12.25 -12.674 -1.521 0.0267491891638 -0.53672785666 1.92000007629
12.237 -12.652 -1.629 -0.0276119995542 -0.473867213174 1.98000001907
12.244 -12.634 -1.766 -0.097103431166 -0.491112317149 2.03600001335
12.253 -12.659 -1.726 -0.0841834451775 -0.538044064792 2.09500002861
12.259 -12.679 -1.764 -0.107246297337 -0.548170463156 2.14900016785
12.261 -12.694 -1.755 -0.10730244561 -0.575917208243 2.20200014114
12.275 -12.694 -1.757 -0.106608323199 -0.565903791813 2.25800013542
12.267 -12.707 -1.737 -0.0900434459568 -0.536767951413 2.31600022316
12.268 -12.726 -1.64 -0.0406437294076 -0.58636809078 2.37400007248
12.267 -12.742 -1.543 0.0167552191524 -0.602630118232 2.42500019073
12.252 -12.736 -1.53 0.0214277923462 -0.524946851759 2.47699999809
12.227 -12.74 -1.616 -0.022194404536 -0.490652280259 2.53600001335
12.229 -12.721 -1.786 -0.0901689029564 -0.412505041138 2.58800005913
12.25 -12.719 -1.767 -0.0810387941572 -0.407720343198 2.63700008392
12.245 -12.721 -1.827 -0.108159432318 -0.412884287733 2.69600009918
12.22 -12.7 -1.821 -0.0841438338983 -0.329254190729 2.7570002079
12.197 -12.709 -1.65 -0.0337726722663 -0.425510840531 2.81300020218
12.238 -12.682 -1.779 -0.0600219170052 -0.284106938252 2.86600017548
12.231 -12.682 -1.638 -0.0200323737871 -0.297635621997 2.91300010681
12.236 -12.682 -1.842 -0.0811766921592 -0.291945322091 2.96700000763
12.236 -12.678 -1.901 -0.0887815723124 -0.259025345366 3.02600002289
12.228 -12.649 -2.324 -0.16499497065 -0.175976156465 3.08000016212
12.225 -12.606 -2.686 -0.207004363168 -0.101426233876 3.12900018692
12.208 -12.542 2.891 -0.347954456444 0.0890670543448 3.17900013924
12.194 -12.497 2.726 -0.401418842728 0.17714477279 3.23100018501
12.18 -12.453 2.497 -0.421544764531 0.316878123678 3.28000020981
12.178 -12.43 2.466 -0.350546649123 0.280927299161 3.33800005913
12.214 -12.39 2.309 -0.299723055559 0.329438058467 3.38800001144
12.248 -12.426 2.619 -0.331890632437 0.191172174347 3.44500017166
12.238 -12.405 2.41 -0.302392720779 0.271485100108 3.5
12.222 -12.38 2.388 -0.334168411809 0.313560125932 3.5600001812
12.215 -12.372 2.327 -0.318515629112 0.337678321514 3.61200022697
12.204 -12.359 2.303 -0.29319985472 0.32617848145 3.67000007629
12.214 -12.34 2.173 -0.243756179347 0.354617997647 3.72300004959
12.229 -12.307 2.153 -0.250915355063 0.381143463324 3.77700018883
12.241 -12.315 2.326 -0.318519824643 0.338360006096 3.83000016212
12.217 -12.312 2.371 -0.351750512991 0.34148604236 3.89100003242
12.192 -12.317 2.488 -0.433379731613 0.331920697882 3.94400000572
12.166 -12.322 2.52 -0.476911808948 0.341619616898 4.0
12.156 -12.359 2.679 -0.57824849906 0.288362118276 4.0490000248
12.116 -12.38 2.655 -0.571515517542 0.302342752402 4.10700011253
12.118 -12.38 2.667 -0.551545434546 0.283360405774 4.15600013733
12.12 -12.37 2.815 -0.520500376476 0.176305024004 4.21200013161
12.134 -12.362 2.95 -0.433373419216 0.0840622681002 4.26400017738
12.131 -12.382 -2.976 -0.367722107235 -0.0614548251513 4.31200003624
12.141 -12.425 -2.49 -0.320681008721 -0.244589983421 4.37700009346
12.149 -12.45 -2.293 -0.257575481602 -0.292375704157 4.42800021172
12.148 -12.475 -2.189 -0.304679963326 -0.42840227258 4.48400020599
12.159 -12.514 -2.034 -0.24296137772 -0.48646253099 4.54600000381
12.153 -12.514 -2.229 -0.296748788373 -0.383777868011 4.6210000515
12.139 -12.458 -2.503 -0.273535208007 -0.203061216241 4.68099999428
12.135 -12.53 -2.179 -0.250827760576 -0.360256138254 4.74000000954
12.141 -12.6 -2.03 -0.254944446781 -0.515604514659 4.79400014877
12.171 -12.596 -2.117 -0.270705133464 -0.445316373601 4.85199999809
12.186 -12.616 -1.968 -0.197570650581 -0.470965952074 4.91000008583
12.204 -12.63 -1.881 -0.159688011004 -0.498165555912 4.96400022507
12.207 -12.632 -1.925 -0.183263824526 -0.495575996186 5.02500009537
12.201 -12.659 -1.863 -0.159997206705 -0.531880356493 5.09400010109
12.209 -12.68 -1.806 -0.133915644466 -0.558822267723 5.14100003242
12.208 -12.677 -1.882 -0.130274795392 -0.405013802463 5.1970000267
12.203 -12.666 -2.024 -0.181178889916 -0.37202108043 5.24500012398
12.223 -12.638 -2.034 -0.166003940737 -0.332376684405 5.30000019073
12.226 -12.662 -1.98 -0.180661279312 -0.416572795413 5.35700011253
12.249 -12.672 -1.873 -0.129024192538 -0.413867465391 5.41600012779
12.263 -12.687 -1.817 -0.125915066625 -0.501050848614 5.47600007057
12.267 -12.689 -1.753 -0.0863975462345 -0.468922177157 5.52500009537
12.263 -12.71 -1.777 -0.0963509714531 -0.460619688269 5.58600020409
12.266 -12.771 -1.702 -0.0702046878795 -0.532007825318 5.64200019836
12.273 -12.71 -1.773 -0.0856642397086 -0.417863557817 5.70100021362
12.264 -12.73 -1.723 -0.0747057914812 -0.487031751227 5.75300002098
12.25 -12.746 -1.821 -0.142204852113 -0.556446519385 5.80599999428
12.26 -12.738 -1.739 -0.0871131515732 -0.513009301506 5.85500001907
12.287 -12.749 -1.671 -0.0495498663223 -0.492835381388 5.91200017929
12.242 -12.727 -1.938 -0.123948937482 -0.322238538853 5.97100019455
12.22 -12.692 -2.016 -0.116476093669 -0.244106291284 6.02800011635
12.332 -12.694 -1.446 0.0417138957326 -0.33251874613 6.08800005913
12.295 -12.689 -1.346 0.0703855955402 -0.307816304086 6.14500021935
12.279 -12.69 -1.427 0.0420216683972 -0.290213502417 6.20100021362
12.3 -12.698 -1.183 0.12666980424 -0.310099454084 6.25100016594
12.337 -12.706 -1.138 0.191557136726 -0.414616983263 6.31100010872
12.344 -12.711 -1.224 0.16092373391 -0.445276053964 6.36400008202
12.349 -12.719 -1.281 0.119359862754 -0.400279910778 6.42200016975
12.3 -12.69 -1.548 0.00868198132852 -0.380784037072 6.48000001907
12.29 -12.683 -1.574 -0.00106070875439 -0.331090300916 6.53900003433
12.295 -12.686 -1.376 0.0660912265663 -0.334981403203 6.59500002861
12.305 -12.693 -1.387 0.0797979146704 -0.429265004368 6.65600013733
12.318 -12.69 -1.383 0.0853391403448 -0.449069177701 6.70700001717
12.319 -12.686 -1.251 0.135359991826 -0.40874082088 6.76300001144
12.303 -12.674 -1.322 0.106898851095 -0.420761956783 6.8180000782
12.296 -12.671 -1.322 0.116400911001 -0.45816278269 6.87900018692
12.297 -12.662 -1.2 0.18417521351 -0.473726574185 6.94100022316
12.309 -12.672 -1.148 0.215801213721 -0.479632074921 7.00100016594
12.317 -12.695 -1.172 0.196540474997 -0.466426404081 7.06300020218
12.318 -12.684 -1.252 0.145760228735 -0.441625292622 7.12400007248
12.317 -12.693 -1.271 0.149079784389 -0.482282322598 7.1740000248
12.311 -12.673 -1.362 0.108202926164 -0.51066959457 7.22600007057
12.313 -12.679 -1.333 0.129645297826 -0.534879361577 7.28299999237
12.308 -12.661 -1.262 0.158415102895 -0.496597770015 7.34200000763
12.292 -12.652 -1.236 0.171100789034 -0.491820472613 7.39900016785
12.281 -12.663 -1.246 0.17389288351 -0.516430209521 7.46600008011
12.254 -12.616 -1.081 0.213516228656 -0.400498204717 7.52600002289
12.263 -12.631 -1.056 0.251514963247 -0.444629829754 7.57800006866
12.274 -12.64 -1.034 0.283016610573 -0.475591705038 7.63300013542
12.29 -12.642 -1.054 0.298998584857 -0.526113558212 7.69600009918
12.308 -12.676 -1.103 0.27062532642 -0.535683076963 7.75200009346
12.319 -12.653 -0.975 0.275933065947 -0.406990950834 7.80800008774
12.301 -12.646 -0.935 0.229760819351 -0.311316279902 7.875
12.296 -12.627 -0.871 0.198324047455 -0.235555958384 7.92300009727
12.287 -12.62 -1.024 0.179316308825 -0.294586113538 7.97300004959
12.286 -12.622 -1.102 0.155216673179 -0.306478204986 8.02800011635
12.281 -12.622 -1.187 0.130177086336 -0.322363033268 8.08900022507
12.305 -12.602 -1.209 0.139063901486 -0.367451548234 8.14500021935
12.321 -12.609 -1.275 0.120662166995 -0.395956020216 8.20399999619
12.328 -12.605 -1.423 0.0540812518896 -0.363249203995 8.25500011444
12.338 -12.618 -1.527 0.020637150113 -0.470906012065 8.31300020218
12.306 -12.617 -1.629 -0.022010906163 -0.377743261311 8.37400007248
12.298 -12.635 -1.504 0.0241507460868 -0.361020109402 8.42900013924
12.273 -12.643 -1.636 -0.0258963193979 -0.396597433181 8.48500013351
12.274 -12.62 -1.534 0.0139927663233 -0.380104529748 8.54700016975
12.269 -12.593 -1.479 0.0355297574165 -0.385962103287 8.60500001907
12.27 -12.585 -1.463 0.0459225108553 -0.424360461448 8.66600012779
12.275 -12.59 -1.35 0.113686590277 -0.506498970771 8.72500014305
12.279 -12.609 -1.398 0.088189941779 -0.505279535399 8.78100013733
12.29 -12.602 -1.331 0.0905016737071 -0.370148718437 8.83900022507
12.286 -12.627 -1.38 0.0840899684916 -0.435370546877 8.89700007439
12.282 -12.662 -1.379 0.0952537268999 -0.490535236977 8.95900011063
12.284 -12.678 -1.35 0.111764368584 -0.49793504686 9.0110001564
12.272 -12.677 -1.363 0.105563762793 -0.500682482303 9.06700015068
12.306 -12.697 -1.403 0.089586519999 -0.528880170578 9.13900017738
12.333 -12.697 -1.343 0.11207489455 -0.48345638763 9.19400000572
12.321 -12.694 -1.408 0.0842302526036 -0.512817629638 9.24700021744
12.336 -12.711 -1.399 0.0871279968685 -0.502159403383 9.30599999428
12.33 -12.71 -1.425 0.0753079600782 -0.512863442758 9.3630001545
12.369 -12.676 -1.415 0.0697681274148 -0.444187171231 9.43099999428
12.345 -12.655 -1.611 -0.0175212663298 -0.435577742919 9.48200011253
12.307 -12.679 -1.655 -0.0443273731214 -0.525185632706 9.54000020027
12.287 -12.689 -1.584 -0.00695287868906 -0.526556097564 9.59900021553
12.275 -12.698 -1.608 -0.017644719067 -0.474054737955 9.66100001335
12.296 -12.7 -1.611 -0.0169630279244 -0.421699966048 9.72000002861
12.312 -12.702 -1.708 -0.0565967810398 -0.40991025454 9.78000020981
12.311 -12.716 -1.817 -0.105661612439 -0.420456757059 9.84000015259
12.308 -12.675 -1.889 -0.122499440607 -0.371889979923 9.89800000191
12.332 -12.618 -2.051 -0.123004194247 -0.236151542349 9.95500016212
12.306 -12.566 -3.042 -0.14973731904 -0.0149622383209 10.0140001774
12.294 -12.525 2.994 -0.192927430697 0.0286832492678 10.0830001831
12.276 -12.455 2.26 -0.151387149796 0.183722666968 10.1360001564
12.217 -12.362 2.172 -0.290032995661 0.422846990014 10.1940000057
12.199 -12.325 2.069 -0.268198593347 0.493037188958 10.2570002079
12.191 -12.311 2.075 -0.270933122177 0.491022503973 10.3180000782
12.186 -12.303 2.017 -0.235006788143 0.491253979842 10.3760001659
12.177 -12.29 2.101 -0.247744846343 0.422635282396 10.4270000458
12.156 -12.281 2.011 -0.195733543474 0.415544248166 10.4790000916
12.18 -12.306 1.936 -0.108163282009 0.282886698212 10.5430002213
12.244 -12.305 1.29 0.107187306142 0.371640433649 10.5990002155
12.269 -12.291 1.347 0.0996101288062 0.43763705412 10.6579999924
12.282 -12.286 1.299 0.122544964581 0.43971307981 10.7150001526
12.303 -12.273 1.218 0.154352149137 0.419206598775 10.7730000019
12.323 -12.29 0.974 0.227930190667 0.33546577547 10.8330001831
12.296 -12.253 1.195 0.16839859386 0.426815499731 10.8900001049
12.312 -12.245 1.12 0.221510976383 0.457631767113 10.9460000992
12.36 -12.356 0.537 0.304755228851 0.18143876327 10.9970002174
12.374 -12.364 0.42 0.292337294397 0.130549809933 11.0570001602
12.428 -12.415 0.044 0.391615610054 0.017242215255 11.1260001659
12.467 -12.424 0.062 0.42125005858 0.0261510203962 11.1760001183
12.474 -12.415 0.079 0.439871801577 0.0348223445674 11.2350001335
12.468 -12.38 0.312 0.431897900693 0.139301818458 11.2940001488
12.464 -12.351 0.418 0.46800405571 0.207876089714 11.3470001221
12.452 -12.339 0.493 0.451253263356 0.242434842435 11.4000000954
12.457 -12.333 0.441 0.464566361148 0.219276594158 11.4580001831
12.447 -12.329 0.357 0.488269647306 0.182115627139 11.5170001984
12.45 -12.333 0.365 0.500872490118 0.191394426952 11.5640001297
12.461 -12.334 0.395 0.496585073579 0.207032192893 11.623000145
12.425 -12.336 0.382 0.386907770068 0.155433866659 11.6780002117
12.466 -12.325 0.23 0.450857197874 0.10556522025 11.737000227
12.487 -12.329 0.136 0.456026915164 0.0624048826211 11.7890000343
12.497 -12.34 0.204 0.437729077237 0.090556429617 11.8410000801
12.525 -12.34 0.128 0.494694610858 0.063669008261 11.8920001984
12.542 -12.336 0.206 0.50521351075 0.105571570185 11.9560000896
