-17.293 -8.151 0.324 1.06170126147 0.356556015325 4.74000000954
-17.293 -8.151 0.314 1.0538441598 0.34222917358 4.79400014877
-17.228 -8.127 0.349 1.06576571077 0.387827519035 4.85199999809
-17.161 -8.097 0.374 1.05895044249 0.415608491356 4.91000008583
-17.097 -8.058 0.44 1.04557987861 0.492238646561 4.96400022507
-17.019 -8.015 0.482 1.04824690831 0.548396207252 5.02500009537
-16.942 -7.97 0.486 1.05262610573 0.556061368259 5.09400010109
-16.872 -7.955 0.454 1.08896113093 0.531410866631 5.14100003242
-16.795 -7.949 0.372 1.10984664077 0.433024232028 5.1970000267
-16.729 -7.929 0.282 1.20792581271 0.349961413572 5.24500012398
-16.667 -7.902 0.289 1.16484608114 0.346336767174 5.30000019073
-16.595 -7.877 0.317 1.18099606896 0.387441402946 5.35700011253
-16.524 -7.848 0.383 1.17535597728 0.47354563022 5.41600012779
-16.462 -7.817 0.401 1.14042518301 0.483508883763 5.47600007057
-16.413 -7.802 0.377 1.11709462622 0.442300527885 5.52500009537
-16.363 -7.757 0.429 1.09276271721 0.499841954608 5.58600020409
-16.285 -7.753 0.342 1.12338739344 0.399913255677 5.64200019836
-16.229 -7.719 0.302 1.1554325397 0.359950728582 5.70100021362
-16.144 -7.712 0.177 1.23069684832 0.220137049193 5.75300002098
-16.049 -7.729 0.156 1.21555662821 0.191180209813 5.80599999428
-15.969 -7.747 0.114 1.30036522812 0.14888717475 5.85500001907
-15.889 -7.767 0.032 1.30044288904 0.0416283825739 5.91200017929
-15.777 -7.813 -0.071 1.28216749496 -0.0911871684996 5.97100019455
-15.68 -7.846 -0.106 1.26618213329 -0.13472025676 6.02800011635
-15.576 -7.871 -0.139 1.3332664686 -0.18652688465 6.08800005913
-15.469 -7.907 -0.187 1.37787053761 -0.260707795657 6.14500021935
-15.384 -7.923 -0.196 1.35899202012 -0.269826536228 6.20100021362
-15.324 -7.917 -0.161 1.28179298672 -0.208170448831 6.25100016594
-15.235 -7.93 -0.154 1.25803438035 -0.195283522259 6.31100010872
-15.14 -7.924 -0.145 1.33843636297 -0.195444939692 6.36400008202
-15.064 -7.923 -0.114 1.36530495264 -0.156322541294 6.42200016975
-14.979 -7.922 -0.137 1.30393479124 -0.179765146863 6.48000001907
-14.906 -7.937 -0.219 1.18349867221 -0.263410885572 6.53900003433
-14.85 -7.948 -0.215 1.13927659769 -0.248789769827 6.59500002861
-14.788 -7.946 -0.148 1.10908247379 -0.165353272144 6.65600013733
-14.726 -7.949 -0.159 1.08103869289 -0.173348427355 6.70700001717
-14.674 -7.935 -0.158 1.01609482812 -0.161892390769 6.76300001144
-14.62 -7.925 -0.173 0.974849700128 -0.170351885945 6.8180000782
-14.554 -7.929 -0.146 0.991377236266 -0.145778355242 6.87900018692
-14.459 -7.935 -0.145 1.08252836658 -0.158076018535 6.94100022316
-14.368 -7.954 -0.094 1.11066594705 -0.104711190208 7.00100016594
-14.311 -7.951 -0.128 1.06028247297 -0.136462237609 7.06300020218
-14.233 -7.939 -0.047 1.0588064709 -0.0498005793604 7.12400007248
-14.142 -7.939 0.009 1.08481706343 0.00976361718992 7.1740000248
-14.067 -7.929 0.022 1.13189702567 0.0249057528225 7.22600007057
-14.017 -7.936 -0.002 1.10131379737 -0.00220263053158 7.28299999237
-13.948 -7.916 0.071 1.05788099891 0.075236015013 7.34200000763
-13.867 -7.896 0.071 1.0834274735 0.0770528686549 7.39900016785
-13.793 -7.87 0.125 1.07371067438 0.134917261432 7.46600008011
-13.764 -7.858 0.102 0.972497046723 0.0995401436558 7.52600002289
-13.727 -7.85 0.034 0.905021645409 0.0307825984194 7.57800006866
-13.682 -7.856 -0.04 0.885381222511 -0.0354341491294 7.63300013542
-13.603 -7.88 -0.09 0.926791783326 -0.0836372029846 7.69600009918
-13.526 -7.86 -0.008 0.972827868678 -0.00778278898296 7.75200009346
-13.47 -7.819 0.08 1.00593540034 0.08064695231 7.80800008774
-13.368 -7.786 0.147 1.11554560403 0.165176688998 7.875
-13.296 -7.757 0.201 1.15012624155 0.234339760926 7.92300009727
-13.21 -7.725 0.245 1.17904378612 0.2947876761 7.97300004959
-13.145 -7.72 0.215 1.24148982201 0.271110604471 8.02800011635
-13.067 -7.717 0.195 1.25767269988 0.248402691059 8.08900022507
-13.003 -7.731 0.148 1.23267838627 0.183780205248 8.14500021935
-12.916 -7.727 0.143 1.2138533227 0.174773970037 8.20399999619
-12.832 -7.679 0.17 1.19179373977 0.204579526051 8.25500011444
-12.753 -7.66 0.145 1.16713409005 0.170430554753 8.31300020218
-12.684 -7.664 0.148 1.11312083834 0.165955352519 8.37400007248
-12.616 -7.595 0.194 1.11394985845 0.218858843507 8.42900013924
-12.554 -7.563 0.247 1.08500762598 0.273583326608 8.48500013351
-12.496 -7.568 0.256 1.08037896798 0.282781634161 8.54700016975
-12.421 -7.551 0.201 1.15760948902 0.235864482614 8.60500001907
-12.331 -7.542 0.175 1.19781643829 0.211784268028 8.66600012779
-12.272 -7.527 0.263 1.23996571467 0.333843929237 8.72500014305
-12.215 -7.525 0.224 1.20735833672 0.275064272093 8.78100013733
-12.164 -7.521 0.199 1.1960082867 0.241197980313 8.83900022507
-12.096 -7.527 0.121 1.2065045803 0.14670371706 8.89700007439
-11.998 -7.58 0.011 1.24281580585 0.013671525287 8.95900011063
-11.914 -7.624 -0.04 1.31373031464 -0.0525772567806 9.0110001564
-11.83 -7.644 -0.011 1.36951913991 -0.0150653181785 9.06700015068
-11.724 -7.681 -0.076 1.50803129943 -0.114831552954 9.13900017738
-11.614 -7.716 -0.085 1.57226205439 -0.133965062657 9.19400000572
-11.511 -7.732 -0.074 1.63888846207 -0.121499604477 9.24700021744
-11.431 -7.74 -0.071 1.63928648205 -0.116585308273 9.30599999428
-11.347 -7.746 -0.083 1.58199612896 -0.131608033507 9.3630001545
-11.272 -7.755 -0.108 1.55842190179 -0.168967020577 9.43099999428
-11.211 -7.751 -0.092 1.51490921631 -0.139766197618 9.48200011253
-11.14 -7.751 -0.066 1.45742894821 -0.0963302227006 9.54000020027
-11.056 -7.741 -0.055 1.40733971246 -0.0774818274547 9.59900021553
-10.995 -7.743 -0.056 1.32910024421 -0.0745075151529 9.66100001335
-10.938 -7.732 0.012 1.22301193786 0.0146768477497 9.72000002861
-10.88 -7.712 0.06 1.16048998012 0.0697130745809 9.78000020981
-10.847 -7.715 0.094 1.04157730847 0.0981976623608 9.84000015259
-10.813 -7.715 0.084 0.997167619932 0.0839596461157 9.89800000191
-10.782 -7.711 0.069 0.949425400649 0.0656145159475 9.95500016212
-10.726 -7.7 0.055 0.95113459347 0.0523652148839 10.0140001774
-10.649 -7.702 0.138 0.956689553245 0.132867675132 10.0830001831
-10.569 -7.729 0.105 1.0408856408 0.109696423255 10.1360001564
-10.481 -7.771 0.04 1.10765728304 0.0443299364766 10.1940000057
-10.388 -7.803 -0.023 1.10563849415 -0.0254341704156 10.2570002079
-10.322 -7.826 0.024 1.09785274251 0.0263535258915 10.3180000782
-10.25 -7.851 0.019 1.14909755669 0.0218354811765 10.3760001659
-10.186 -7.861 -0.019 1.21364990324 -0.0230621233705 10.4270000458
-10.117 -7.888 -0.138 1.17415231375 -0.163069501125 10.4790000916
-10.04 -7.923 -0.185 1.19439630916 -0.223519135232 10.5430002213
-9.975 -7.942 -0.216 1.19648431906 -0.262536334337 10.5990002155
-9.895 -7.95 -0.19 1.2226129488 -0.235132723706 10.6579999924
-9.815 -7.969 -0.27 1.28909272621 -0.356766899875 10.7150001526
-9.764 -7.982 -0.285 1.27759851784 -0.374305196067 10.7730000019
-9.727 -7.99 -0.27 1.21855240676 -0.33724429256 10.8330001831
-9.704 -8.006 -0.295 1.13428511251 -0.344670929362 10.8900001049
-9.658 -8.026 -0.244 1.09619684794 -0.272909632538 10.9460000992
-9.606 -8.041 -0.245 1.1150205435 -0.278780414001 10.9970002174
-9.564 -8.052 -0.316 1.01274767823 -0.331123912247 11.0570001602
-9.533 -8.052 -0.27 0.917732524417 -0.25398994269 11.1260001659
-9.489 -8.057 -0.226 0.907409935561 -0.208638947502 11.1760001183
-9.444 -8.073 -0.234 0.919663910711 -0.219217189644 11.2350001335
-9.404 -8.078 -0.2 0.89096284485 -0.180607109916 11.2940001488
-9.38 -8.079 -0.172 0.806417640771 -0.140088021182 11.3470001221
-9.346 -8.075 -0.094 0.751128253761 -0.0708147518697 11.4000000954
-9.307 -8.076 -0.16 0.764200793334 -0.123326311922 11.4580001831
-9.274 -8.074 -0.056 0.783205327325 -0.0439054037103 11.5170001984
-9.272 -8.057 0.016 0.707335451404 0.01131833307 11.5640001297
-9.276 -8.012 0.159 0.636552025613 0.10207339783 11.623000145
-9.272 -8.02 0.073 0.705155931047 0.0515680175145 11.6780002117
-9.246 -8.028 0.049 0.665076775793 0.0326148689598 11.737000227
-9.23 -8.053 0.164 0.652102166764 0.107913979366 11.7890000343
-9.22 -8.055 0.177 0.652971288389 0.116798196753 11.8410000801
-9.202 -8.077 0.22 0.619608025452 0.13855638822 11.8920001984
-9.177 -8.115 0.052 0.631818817479 0.0328842235001 11.9560000896
