-35.587 -2.88 0.548 0.936008367341 0.571299056674 10.3180000782
-35.587 -2.877 0.545 0.930249368148 0.563960601337 10.3760001659
-35.535 -2.844 0.535 0.893425102784 0.52949133277 10.4270000458
-35.49 -2.819 0.521 0.877922273556 0.503831180931 10.4790000916
-35.419 -2.78 0.5 0.907162359721 0.495585055808 10.5430002213
-35.361 -2.72 0.582 0.920945560816 0.606010446959 10.5990002155
-35.289 -2.67 0.596 0.957613170536 0.649530464729 10.6579999924
-35.236 -2.609 0.703 0.920196733728 0.779802075636 10.7150001526
-35.174 -2.549 0.764 0.891960619528 0.854582107721 10.7730000019
-35.119 -2.478 0.763 0.896475565241 0.857190105243 10.8330001831
-35.064 -2.411 0.768 0.895496564487 0.864866391532 10.8900001049
-34.999 -2.316 0.775 0.926776971061 0.907701081015 10.9460000992
-34.954 -2.234 0.864 0.917967766527 1.07493715181 10.9970002174
-34.886 -2.238 0.777 0.985308318042 0.968896203314 11.0570001602
-34.828 -2.178 0.802 0.942540814191 0.97436794431 11.1260001659
-34.823 -2.099 0.875 0.844467208856 1.01118330106 11.1760001183
-34.795 -2.025 0.911 0.801302588122 1.03290110971 11.2350001335
-34.767 -1.961 0.908 0.779621063749 0.99875188964 11.2940001488
-34.725 -1.912 0.927 0.722937021914 0.963323417959 11.3470001221
-34.689 -1.886 0.971 0.678345211695 0.991967924487 11.4000000954
-34.656 -1.852 0.964 0.694543821123 1.00055167217 11.4580001831
-34.613 -1.82 0.868 0.785141612367 0.926880275281 11.5170001984
-34.581 -1.782 0.891 0.748108539533 0.925505135527 11.5640001297
-34.53 -1.723 0.897 0.779361787442 0.976090970271 11.623000145
-34.472 -1.686 0.866 0.763478396241 0.897659896429 11.6780002117
-34.44 -1.652 0.912 0.720026630753 0.930053053015 11.737000227
-34.442 -1.649 0.969 0.644320596231 0.93818002598 11.7890000343
-34.416 -1.646 0.927 0.680795042181 0.907168656583 11.8410000801
-34.389 -1.609 0.968 0.642140239001 0.933004592342 11.8920001984
-34.336 -1.592 0.876 0.688675762518 0.826313375398 11.9560000896
