-19.849 -0.975 0.164 0.892985069244 0.147776801317 10.4270000458
-19.849 -0.968 0.161 0.895720299492 0.145470055387 10.4790000916
-19.797 -0.953 0.206 0.834240605341 0.17432647533 10.5430002213
-19.744 -0.944 0.204 0.818525700431 0.169334798247 10.5990002155
-19.689 -0.939 0.174 0.807747148733 0.141983804971 10.6579999924
-19.624 -0.94 0.128 0.7991354914 0.102851664617 10.7150001526
-19.571 -0.944 0.082 0.82419427431 0.0677358171371 10.7730000019
-19.524 -0.946 0.096 0.820909667839 0.0790503200293 10.8330001831
-19.469 -0.942 0.083 0.876142440476 0.0728872729535 10.8900001049
-19.417 -0.94 0.065 0.910086052887 0.0592390452682 10.9460000992
-19.368 -0.932 0.072 0.907546547516 0.0654564993617 10.9970002174
-19.313 -0.923 0.129 0.914570195565 0.118638373527 11.0570001602
-19.243 -0.945 0.032 0.975125522624 0.0312146720595 11.1260001659
-19.17 -0.958 -0.034 1.02122944493 -0.0347351867847 11.1760001183
-19.101 -0.974 -0.002 1.02021695956 -0.00204043663971 11.2350001335
-19.026 -0.992 0.032 1.03530269876 0.0331409992603 11.2940001488
-18.974 -1.01 0.006 0.996372065034 0.00597830413002 11.3470001221
-18.935 -1.015 0.019 0.997747879415 0.0189594912226 11.4000000954
-18.863 -1.026 -0.024 1.01419184263 -0.0243452786962 11.4580001831
-18.81 -1.033 -0.031 0.990792733388 -0.0307244174207 11.5170001984
-18.767 -1.052 -0.039 0.982837078414 -0.0383500915264 11.5640001297
-18.734 -1.074 -0.156 0.928338293129 -0.146007109451 11.623000145
-18.683 -1.099 -0.166 0.976412771315 -0.163589915635 11.6780002117
-18.63 -1.133 -0.243 0.949804569846 -0.235455324884 11.737000227
-18.572 -1.179 -0.294 0.920859756594 -0.278812591421 11.7890000343
-18.505 -1.208 -0.324 0.950126192074 -0.319085246854 11.8410000801
-18.447 -1.218 -0.274 0.99284887297 -0.279059349391 11.8920001984
-18.383 -1.243 -0.267 0.980401080319 -0.268170107889 11.9560000896
