22.684 -15.041 3.109 -1.0314579083 0.0336298592621 0.0190000534058
22.628 -15.071 -3.037 -0.982415767444 -0.103129813701 0.0710000991821
22.104 -15.194 -3.066 -1.39860846491 -0.105926365318 0.357000112534
22.025 -15.154 3.027 -1.28343792877 0.147719717386 0.412000179291
21.646 -14.737 2.6 -0.849097063935 0.510813917847 0.992000102997
21.593 -14.699 2.552 -0.782317880684 0.523343941922 1.04400014877
21.081 -14.358 2.557 -0.853248431172 0.564639142597 1.55400013924
21.02 -14.328 2.514 -0.817707858607 0.593193140614 1.60900020599
20.536 -14.121 2.715 -0.941916487768 0.428104262617 2.09500002861
20.506 -14.105 2.662 -0.81494319412 0.423846415383 2.14900016785
20.083 -13.818 2.469 -0.777558016868 0.619311622142 2.58800005913
20.042 -13.777 2.387 -0.738757626996 0.694588690273 2.63700008392
19.614 -13.514 2.576 -1.0563250287 0.670521288227 3.08000016212
19.552 -13.491 2.613 -1.12369900632 0.656271775716 3.12900018692
19.161 -13.073 2.437 -0.894364843931 0.760362011243 3.72300004959
19.113 -13.004 2.364 -0.901672030517 0.887704748858 3.77700018883
18.724 -12.671 2.477 -0.952006582086 0.745887899965 4.21200013161
18.664 -12.637 2.462 -0.952561806039 0.769658387754 4.26400017738
18.188 -12.296 2.464 -0.96904438862 0.779777919352 4.74000000954
18.112 -12.243 2.543 -1.0989016911 0.749530897333 4.79400014877
17.68 -11.982 2.558 -0.971277733656 0.641349616437 5.1970000267
17.601 -11.928 2.572 -1.08785575991 0.696656302387 5.24500012398
17.161 -11.59 2.487 -1.10621240207 0.848992174819 5.58600020409
17.104 -11.552 2.439 -1.06928883643 0.905399044484 5.64200019836
16.698 -11.206 2.472 -1.01702154007 0.805065468544 6.08800005913
16.648 -11.156 2.455 -1.02421893341 0.839474199701 6.14500021935
16.226 -10.84 2.357 -0.7711759126 0.769934532753 6.65600013733
16.178 -10.789 2.376 -0.794504430704 0.763640539569 6.70700001717
15.788 -10.424 2.487 -0.874554103822 0.671199843004 7.1740000248
15.745 -10.386 2.49 -0.890987222357 0.679574231146 7.22600007057
15.334 -9.977 2.378 -0.98034799543 0.938499905842 7.63300013542
15.235 -9.873 2.327 -1.03782078827 1.10025866798 7.69600009918
14.824 -9.499 2.382 -0.976947393254 0.927783917205 8.14500021935
14.777 -9.466 2.388 -0.922279876746 0.865402545775 8.20399999619
14.342 -9.092 2.477 -0.778902811852 0.61026277921 8.89700007439
14.287 -9.055 2.5 -0.823627711117 0.615268264828 8.95900011063
13.866 -8.726 2.494 -1.05737718663 0.799813588781 9.30599999428
13.801 -8.694 2.492 -1.02213845588 0.776377368126 9.3630001545
13.41 -8.341 2.473 -0.868103184212 0.685772029174 9.89800000191
13.356 -8.302 2.549 -0.932884577295 0.628127172096 9.95500016212
12.989 -7.95 2.441 -0.695814781998 0.586781995949 10.4270000458
12.937 -7.903 2.463 -0.738825638364 0.595741977869 10.4790000916
12.612 -7.509 2.266 -0.629716060261 0.754944585549 10.9460000992
12.565 -7.471 2.31 -0.714643730948 0.783918323834 10.9970002174
12.197 -7.061 2.358 -0.807962451901 0.805050138684 11.4580001831
12.149 -7.014 2.329 -0.779974367609 0.823593326735 11.5170001984
