24.781 -15.256 2.774 -0.646395369927 0.248924424871 0.529000043869
24.712 -15.254 2.845 -0.685259127059 0.209419831456 0.589000225067
24.224 -15.13 2.761 -0.986350809224 0.39463904179 0.992000102997
24.169 -15.107 2.726 -1.00848744374 0.445042085889 1.04400014877
23.643 -15.135 2.991 -0.761114359177 0.115492606621 1.66100001335
23.594 -15.125 2.939 -0.780306139999 0.160283191521 1.71400022507
23.078 -14.983 2.798 -1.0661637449 0.381456585822 2.14900016785
23.002 -14.948 2.747 -1.04671545262 0.435887655657 2.20200014114
22.454 -14.816 2.818 -1.01533835871 0.340525569854 2.69600009918
22.383 -14.799 2.869 -1.05607941319 0.295228462053 2.7570002079
21.889 -14.685 2.79 -0.624345180953 0.229031298744 3.28000020981
21.838 -14.663 2.754 -0.655526149315 0.267614345408 3.33800005913
21.408 -14.405 2.561 -0.677941295202 0.444740218398 3.83000016212
21.35 -14.368 2.51 -0.73156732518 0.535183116244 3.89100003242
20.904 -14.097 2.614 -0.923360836005 0.538031071795 4.26400017738
20.849 -14.03 2.541 -0.917569226016 0.628541528528 4.31200003624
20.435 -13.733 2.496 -0.874554449345 0.658778409406 4.79400014877
20.387 -13.728 2.535 -0.863716757322 0.59929773147 4.85199999809
19.88 -13.475 2.689 -1.006217199 0.489279866329 5.41600012779
19.832 -13.433 2.66 -0.947684023433 0.495294588311 5.47600007057
19.463 -13.064 2.48 -0.715144030535 0.556854082293 6.08800005913
19.404 -13.034 2.573 -0.797397815815 0.509525082506 6.14500021935
19.003 -12.712 2.498 -0.750755647485 0.563174130133 6.65600013733
18.957 -12.666 2.457 -0.734567813777 0.599617192539 6.70700001717
18.553 -12.361 2.497 -0.880872949456 0.662158306564 7.1740000248
18.508 -12.34 2.551 -0.923755499375 0.619298923764 7.22600007057
18.017 -12.135 2.664 -1.0059349902 0.520626528163 7.69600009918
17.989 -12.114 2.704 -1.002225814 0.468884285284 7.75200009346
17.533 -11.897 2.612 -1.00682540013 0.589365339379 8.14500021935
17.494 -11.872 2.592 -0.935811040294 0.573226267074 8.20399999619
17.034 -11.649 2.645 -1.19735970011 0.64883298082 8.48500013351
16.962 -11.619 2.644 -1.20103100443 0.65237695658 8.54700016975
16.458 -11.448 2.538 -0.715846856454 0.493522000921 9.13900017738
16.391 -11.42 2.601 -0.772628880298 0.463759292312 9.19400000572
16.039 -11.028 2.505 -0.823643694572 0.608887669752 9.72000002861
15.972 -10.965 2.457 -0.853825418345 0.696965468218 9.78000020981
15.588 -10.583 2.371 -0.880876570747 0.85517161409 10.1940000057
15.543 -10.502 2.318 -0.80659728296 0.870691649015 10.2570002079
15.343 -10.029 2.034 -0.582091960752 1.16547712708 10.5990002155
15.321 -9.929 2.024 -0.590055834259 1.21158270192 10.6579999924
14.977 -9.554 2.143 -0.701719844696 1.08948838763 11.1760001183
14.968 -9.547 2.273 -0.737917369434 0.872178360434 11.2350001335
14.648 -9.125 2.26 -0.689929833639 0.837295300348 11.737000227
14.619 -9.09 2.255 -0.668914473001 0.820112228317 11.7890000343
