16.145 -14.452 2.556 -0.409295215883 0.271440987383 0.0190000534058
16.125 -14.419 2.452 -0.403492612607 0.332740793422 0.0710000991821
16.133 -14.47 2.569 -0.314545849784 0.202766468018 0.128000020981
16.159 -14.404 2.437 -0.314614186746 0.26747549104 0.184000015259
16.173 -14.427 2.709 -0.42767320032 0.197483549231 0.241000175476
16.141 -14.452 2.933 -0.468210866755 0.0991069446496 0.297000169754
16.053 -14.556 -2.872 -0.687815713804 -0.190056989152 0.357000112534
16.172 -14.455 -2.752 -0.355424332769 -0.14592970339 0.412000179291
16.123 -14.521 -2.436 -0.405063540754 -0.345071236287 0.47000002861
16.118 -14.515 -2.344 -0.401363504724 -0.411273692292 0.529000043869
16.103 -14.501 -2.377 -0.438893194843 -0.421000094708 0.589000225067
16.179 -14.431 -2.192 -0.341806570925 -0.477565090429 0.644000053406
16.16 -14.468 -2.178 -0.326546471041 -0.470010183102 0.705000162125
16.135 -14.501 -2.143 -0.296504744277 -0.46035248712 0.764000177383
16.186 -14.519 -1.793 -0.135202254455 -0.598413669128 0.819000005722
16.172 -14.536 -1.949 -0.246560059509 -0.620540211828 0.881000041962
16.202 -14.551 -1.767 -0.10943949007 -0.550609210251 0.936000108719
16.192 -14.585 -1.832 -0.148742622507 -0.556440732454 0.992000102997
16.153 -14.529 -2.213 -0.289636241426 -0.387227310179 1.04400014877
16.214 -14.552 -2.04 -0.191877336995 -0.378482787603 1.09400010109
16.187 -14.587 -2.07 -0.232538067739 -0.426464897853 1.15799999237
16.164 -14.604 -2.137 -0.268582937798 -0.422549018907 1.21800017357
16.157 -14.641 -2.079 -0.280196116814 -0.503042641054 1.26900005341
16.123 -14.687 -2.091 -0.340877134141 -0.595073167855 1.32700014114
16.097 -14.734 -2.078 -0.369080292245 -0.664179978468 1.375
16.064 -14.783 -2.067 -0.39030423025 -0.720938751608 1.43200016022
16.052 -14.838 -2.051 -0.370461288747 -0.711235948119 1.49300003052
16.017 -14.863 -2.088 -0.388269517698 -0.682546009904 1.55400013924
15.957 -14.901 -2.121 -0.425922974928 -0.6943805935 1.60900020599
15.932 -14.941 -2.215 -0.505675524914 -0.673248096558 1.66100001335
15.904 -14.983 -2.226 -0.495965157645 -0.645411462323 1.71400022507
15.854 -15.004 -2.23 -0.533393983867 -0.68840155883 1.75900006294
15.824 -15.027 -2.242 -0.519960632556 -0.654684796385 1.81300020218
15.777 -15.063 -2.271 -0.570667438831 -0.677240262916 1.86100006104
15.763 -15.005 -2.242 -0.467321805677 -0.588407010145 1.92000007629
15.726 -15.006 -2.234 -0.424677170859 -0.543586016222 1.98000001907
15.702 -15.019 -2.318 -0.455942405616 -0.4921728022 2.03600001335
15.684 -15.019 -2.315 -0.448718247721 -0.487298819656 2.09500002861
15.676 -15.03 -2.323 -0.464282388107 -0.496176030794 2.14900016785
15.652 -15.055 -2.355 -0.473087950259 -0.474219500256 2.20200014114
15.622 -15.086 -2.283 -0.454000553301 -0.525848454525 2.25800013542
15.656 -14.968 -2.421 -0.547866306684 -0.481090715738 2.31600022316
15.659 -14.961 -2.443 -0.473504911719 -0.397689880829 2.37400007248
15.645 -14.958 -2.537 -0.478001705137 -0.330251531336 2.42500019073
15.629 -14.97 -2.549 -0.490545352296 -0.33029259184 2.47699999809
15.72 -14.826 1.697 -0.0351175558119 0.276782071809 2.53600001335
15.722 -14.801 1.694 -0.0385945480843 0.311671493021 2.58800005913
15.706 -14.782 2.123 -0.21863801894 0.354850423524 2.63700008392
15.673 -14.767 2.438 -0.35499706715 0.301196732139 2.69600009918
15.647 -14.713 2.313 -0.37681913752 0.410863879666 2.7570002079
15.614 -14.667 2.375 -0.42982689812 0.413957236503 2.81300020218
15.591 -14.671 2.439 -0.452827317925 0.38342252065 2.86600017548
15.585 -14.641 2.335 -0.387202049011 0.403973114554 2.91300010681
15.56 -14.619 2.379 -0.406146593863 0.388031809931 2.96700000763
15.54 -14.603 2.309 -0.427112420255 0.469456999941 3.02600002289
15.525 -14.597 2.373 -0.442772769355 0.428135336619 3.08000016212
15.548 -14.558 2.199 -0.328100398324 0.451700549497 3.12900018692
15.552 -14.539 2.175 -0.347271259113 0.503054138118 3.17900013924
15.546 -14.502 2.128 -0.353626470599 0.567563274461 3.23100018501
15.537 -14.459 2.1 -0.388492203488 0.66426205108 3.28000020981
15.527 -14.425 2.104 -0.414807772289 0.702791705968 3.33800005913
15.509 -14.392 2.135 -0.423067333421 0.668541828902 3.38800001144
15.492 -14.365 2.151 -0.417403355665 0.636810207915 3.44500017166
15.484 -14.369 2.259 -0.427458357577 0.519819574994 3.5
15.479 -14.347 2.211 -0.357570013939 0.48004967176 3.5600001812
15.482 -14.31 2.133 -0.310346594137 0.492595150561 3.61200022697
15.486 -14.338 2.254 -0.340543209141 0.418371207676 3.67000007629
15.493 -14.313 2.21 -0.326216195893 0.438871541298 3.72300004959
15.484 -14.304 2.22 -0.333375513457 0.439259657141 3.77700018883
15.518 -14.288 2.195 -0.293034528509 0.406837412927 3.83000016212
15.534 -14.283 2.17 -0.260838577245 0.381918953031 3.89100003242
15.546 -14.266 2.081 -0.247549586929 0.442348144606 3.94400000572
15.541 -14.261 2.061 -0.226043648741 0.42358050416 4.0
15.537 -14.242 2.092 -0.27495930232 0.478888682878 4.0490000248
15.548 -14.197 1.961 -0.21299920872 0.51787702985 4.10700011253
15.553 -14.163 1.913 -0.207946875906 0.583762580539 4.15600013733
15.56 -14.14 1.929 -0.233860616419 0.624705458615 4.21200013161
15.558 -14.141 1.913 -0.214859490267 0.603168140636 4.26400017738
15.573 -14.13 1.902 -0.195438645579 0.56834986057 4.31200003624
15.572 -14.126 1.905 -0.179565693821 0.517139803908 4.37700009346
15.578 -14.103 1.825 -0.142073427662 0.546805333435 4.42800021172
15.571 -14.168 1.949 -0.160806894048 0.404717391352 4.48400020599
15.552 -14.176 1.96 -0.175307853687 0.427450498239 4.54600000381
15.545 -14.14 1.816 -0.104833033597 0.418931490662 4.6210000515
15.539 -14.117 1.919 -0.151382861338 0.417039400438 4.68099999428
15.548 -14.132 1.956 -0.201535764122 0.497055643425 4.74000000954
15.533 -14.119 2.011 -0.208114568446 0.441829286603 4.79400014877
15.487 -14.182 2.296 -0.359403200082 0.405501967901 4.85199999809
15.493 -14.14 2.097 -0.33102570379 0.569919669629 4.91000008583
15.499 -14.123 2.076 -0.279892790559 0.506063403792 4.96400022507
15.466 -14.134 2.151 -0.285148193928 0.435035507494 5.02500009537
15.466 -14.164 2.214 -0.199023830849 0.265529608515 5.09400010109
15.454 -14.183 2.313 -0.245940632139 0.268160802429 5.14100003242
15.464 -14.157 2.373 -0.218377112553 0.211157878406 5.1970000267
15.462 -14.149 2.404 -0.252908619898 0.22981421303 5.24500012398
15.464 -14.168 2.462 -0.326088386144 0.263475461596 5.30000019073
15.485 -14.164 2.468 -0.375940340721 0.300044953678 5.35700011253
15.572 -14.095 1.67 -0.0268078335403 0.269343190627 5.41600012779
15.571 -14.075 1.61 -0.0122263358507 0.311707310663 5.47600007057
15.578 -14.063 1.585 -0.00424806218582 0.299061830449 5.52500009537
15.621 -14.065 1.266 0.0832090210684 0.264492005166 5.58600020409
15.616 -14.059 1.543 0.00732336118063 0.263397212176 5.64200019836
15.528 -14.235 -2.674 -0.27231451916 -0.137502786793 5.70100021362
15.513 -14.243 -2.812 -0.334058177573 -0.114271211776 5.75300002098
15.492 -14.256 -2.742 -0.391712684266 -0.165425413725 5.80599999428
15.467 -14.268 -2.782 -0.448824744559 -0.168730215791 5.85500001907
15.488 -14.311 -2.749 -0.405666590526 -0.167982023955 5.91200017929
15.465 -14.333 -2.546 -0.379834341743 -0.257408431784 5.97100019455
15.638 -14.373 -1.863 -0.115335602373 -0.383411326795 6.02800011635
15.683 -14.567 -1.656 -0.0695850740774 -0.81471375333 6.08800005913
15.726 -14.647 -1.569 0.0016548849294 -0.921259513643 6.14500021935
15.726 -14.718 -1.6 -0.0288388206023 -0.987225870323 6.20100021362
15.733 -14.765 -1.589 -0.0173803987371 -0.954668802082 6.25100016594
15.725 -14.853 -1.643 -0.0753769066902 -1.04213357238 6.31100010872
15.7 -14.924 -1.639 -0.0700030105209 -1.02478984294 6.36400008202
15.697 -14.977 -1.67 -0.0946867964657 -0.951335505419 6.42200016975
15.691 -15.031 -1.679 -0.102401011034 -0.942676505607 6.48000001907
15.686 -15.085 -1.614 -0.0389776746203 -0.901622879649 6.53900003433
15.687 -15.134 -1.629 -0.048945564732 -0.839986191919 6.59500002861
15.691 -15.136 -1.711 -0.102212834645 -0.724247932036 6.65600013733
15.683 -15.183 -1.625 -0.0402701895283 -0.742214336611 6.70700001717
15.656 -15.139 -1.744 -0.0965920271917 -0.55209097784 6.76300001144
15.624 -15.112 -1.899 -0.173779358522 -0.510336713671 6.8180000782
15.61 -15.14 -1.887 -0.16178787405 -0.494489761741 6.87900018692
15.596 -15.165 -2.007 -0.216590411617 -0.464635677321 6.94100022316
15.585 -15.189 -1.895 -0.152904667397 -0.45499046441 7.00100016594
15.574 -15.211 -2.026 -0.201297735673 -0.411240396981 7.06300020218
15.56 -15.232 -2.006 -0.188969884285 -0.406444251908 7.12400007248
15.543 -15.179 -1.952 -0.147691276847 -0.368482853311 7.1740000248
15.547 -15.204 -1.925 -0.134863190021 -0.364692595041 7.22600007057
15.538 -15.217 -1.849 -0.116844132966 -0.409103119073 7.28299999237
15.66 -15.079 -0.149 0.364923355032 -0.0547795682359 7.34200000763
15.661 -15.042 0.395 0.347172235733 0.144740212906 7.39900016785
15.662 -15.069 0.205 0.239054383407 0.0497043827325 7.46600008011
15.689 -15.221 -1.485 0.0514177494376 -0.597828918955 7.52600002289
15.687 -15.249 -1.444 0.0760310384612 -0.596414303376 7.57800006866
15.689 -15.274 -1.452 0.0704586551859 -0.590311956438 7.63300013542
15.691 -15.314 -1.456 0.0665555411055 -0.577221633399 7.69600009918
15.692 -15.341 -1.483 0.0455098815904 -0.517024915506 7.75200009346
15.696 -15.367 -1.518 0.0256599722575 -0.48556646647 7.80800008774
15.634 -15.375 -1.814 -0.13258406982 -0.534365593067 7.875
15.604 -15.389 -1.76 -0.119784257922 -0.625524263042 7.92300009727
15.675 -15.243 -1.501 0.0414197856847 -0.59247393846 7.97300004959
15.671 -15.275 -1.459 0.0639076422068 -0.569259954822 8.02800011635
15.67 -15.309 -1.415 0.0875840725379 -0.557614527822 8.08900022507
15.672 -15.335 -1.362 0.102450421682 -0.483520336824 8.14500021935
15.68 -15.36 -1.378 0.0860762518357 -0.440916609429 8.20399999619
15.69 -15.385 -1.373 0.0856897597594 -0.427557702155 8.25500011444
15.696 -15.408 -1.322 0.105646240799 -0.415831587989 8.31300020218
15.705 -15.438 -1.408 0.0777385348502 -0.473294213672 8.37400007248
15.722 -15.469 -1.331 0.114301553301 -0.467489403637 8.42900013924
