0.448 -2.134 -1.231 0.201133243419 -0.568964192505 0.0190000534058
0.46 -2.14 -1.102 0.272034228239 -0.537136637823 0.0710000991821
0.459 -2.155 -0.953 0.343295989583 -0.483115774005 0.128000020981
0.463 -2.141 -0.692 0.463509692678 -0.384112349557 0.184000015259
0.488 -2.092 -0.482 0.569214649572 -0.2977878136 0.241000175476
0.523 -2.091 -0.457 0.584350724431 -0.287335708071 0.297000169754
0.531 -2.067 -0.427 0.598039498305 -0.2721049826 0.357000112534
0.554 -2.065 -0.422 0.605925318954 -0.272044440278 0.412000179291
0.56 -2.052 -0.512 0.549705385259 -0.308927513573 0.47000002861
0.565 -2.045 -0.656 0.517073962398 -0.397999770741 0.529000043869
0.576 -2.048 -0.701 0.497472760184 -0.419866647342 0.589000225067
0.575 -2.048 -0.724 0.497034646992 -0.439463047144 0.644000053406
0.545 -2.043 -0.735 0.477925946541 -0.432027116194 0.705000162125
0.55 -2.061 -0.741 0.480399743211 -0.439529707326 0.764000177383
0.563 -2.081 -0.719 0.455147860742 -0.398391014254 0.819000005722
0.544 -2.085 -0.796 0.372376508055 -0.380357166486 0.881000041962
0.502 -2.087 -0.888 0.336636815649 -0.413916312893 0.936000108719
0.468 -2.078 -0.845 0.33736531865 -0.380183244723 0.992000102997
0.437 -2.078 -0.848 0.332186213278 -0.376616628944 1.04400014877
0.44 -2.084 -0.877 0.334402666042 -0.402052645768 1.09400010109
0.421 -2.086 -0.922 0.326833432599 -0.431004196333 1.15799999237
0.43 -2.109 -0.885 0.336700395967 -0.411466607292 1.21800017357
0.432 -2.113 -0.901 0.330195796371 -0.416954571008 1.26900005341
0.422 -2.105 -0.911 0.322384789077 -0.41556287391 1.32700014114
0.423 -2.126 -0.963 0.321325089636 -0.461910402453 1.375
0.425 -2.14 -0.95 0.321529399483 -0.449621114181 1.43200016022
0.43 -2.149 -1.057 0.259285903497 -0.459438835063 1.49300003052
0.442 -2.153 -1.009 0.277794065273 -0.441324909647 1.55400013924
0.466 -2.17 -0.926 0.34000888417 -0.452123993735 1.60900020599
0.47 -2.169 -0.944 0.346565475611 -0.478536597676 1.66100001335
0.478 -2.186 -0.973 0.316199215401 -0.464379728541 1.71400022507
0.489 -2.186 -0.878 0.399855911012 -0.481726180992 1.75900006294
0.496 -2.194 -0.925 0.372082431236 -0.493744890985 1.81300020218
0.501 -2.191 -0.901 0.376867036606 -0.475888655465 1.86100006104
0.501 -2.212 -0.849 0.436988387718 -0.49643607889 1.92000007629
0.521 -2.218 -0.799 0.458480074719 -0.471125193517 1.98000001907
0.53 -2.223 -0.719 0.484313393979 -0.423919611376 2.03600001335
0.535 -2.231 -0.62 0.480813348086 -0.34325697972 2.09500002861
0.533 -2.243 -0.708 0.4005070291 -0.342856865612 2.14900016785
0.535 -2.239 -0.749 0.342273185712 -0.318221760479 2.20200014114
0.545 -2.23 -0.901 0.275535762912 -0.347932642041 2.25800013542
0.527 -2.217 -0.895 0.205084475698 -0.25580168998 2.31600022316
0.544 -2.22 -0.823 0.230948629616 -0.249004249768 2.37400007248
0.548 -2.208 -0.725 0.287938745637 -0.255100247167 2.42500019073
0.555 -2.187 -0.664 0.363956221641 -0.284808213256 2.47699999809
0.571 -2.173 -0.518 0.445296150264 -0.2537783773 2.53600001335
0.582 -2.166 -0.421 0.512347014282 -0.229414908368 2.58800005913
0.627 -2.168 -0.371 0.594260194913 -0.231175562953 2.63700008392
0.657 -2.179 -0.456 0.540640941908 -0.265171794942 2.69600009918
0.655 -2.175 -0.522 0.561111440579 -0.322762821607 2.7570002079
0.592 -2.126 -0.588 0.428563224858 -0.285707204886 2.81300020218
0.508 -2.102 -0.909 0.256042298135 -0.328686118207 2.86600017548
0.483 -2.102 -1.066 0.166520297724 -0.301368745961 2.91300010681
0.488 -2.124 -1.131 0.188371548728 -0.400337605167 2.96700000763
0.487 -2.128 -1.116 0.189230124005 -0.386986045285 3.02600002289
0.492 -2.122 -1.028 0.236114713588 -0.391412781156 3.08000016212
0.498 -2.118 -0.854 0.24253922982 -0.27832782708 3.12900018692
0.502 -2.095 -0.702 0.217660487369 -0.184078315418 3.17900013924
0.505 -2.067 -0.426 0.176185178229 -0.0799508130136 3.23100018501
0.522 -2.036 0.151 0.27041457605 0.041145799165 3.28000020981
0.533 -2.031 -0.005 0.316852039308 -0.00158427339884 3.33800005913
0.548 -2.034 -0.239 0.308729676087 -0.0752241699662 3.38800001144
0.566 -2.029 -0.212 0.361085894717 -0.0777180330517 3.44500017166
0.624 -2.022 -0.078 0.448710553695 -0.035070575179 3.5
0.647 -2.015 -0.007 0.428025513161 -0.00299622753067 3.5600001812
0.656 -2.009 -0.008 0.428640283145 -0.00342919542164 3.61200022697
0.654 -2.0 0.085 0.394773574597 0.033636801517 3.67000007629
0.655 -1.975 0.169 0.349406227155 0.0596183223611 3.72300004959
0.656 -1.951 0.1 0.346009713463 0.0347167711387 3.77700018883
0.697 -1.99 -0.174 0.402926592868 -0.0708254444091 3.83000016212
0.668 -1.942 0.147 0.341018991527 0.0504940252575 3.89100003242
0.664 -1.931 0.328 0.26332520334 0.0896073936793 3.94400000572
0.662 -1.907 0.124 0.306087627281 0.0381506010601 4.0
0.615 -1.817 0.29 0.345910707158 0.103224178027 4.0490000248
0.575 -1.846 -0.448 0.328127415451 -0.157695003552 4.10700011253
0.534 -1.842 -0.866 0.277811032822 -0.326636384445 4.15600013733
0.483 -1.863 -1.251 0.167976842176 -0.507232539198 4.21200013161
0.485 -1.899 -1.288 0.164507530753 -0.566126664503 4.26400017738
0.484 -1.908 -1.294 0.168460575998 -0.592985359713 4.31200003624
0.491 -1.944 -1.254 0.179883875245 -0.548698009884 4.37700009346
0.491 -1.967 -1.271 0.181408194481 -0.586866728653 4.42800021172
0.483 -1.98 -1.294 0.164237105802 -0.578118641027 4.48400020599
0.485 -2.003 -1.29 0.154882302827 -0.537008795715 4.54600000381
0.486 -2.028 -1.198 0.201110875818 -0.514240032978 4.6210000515
0.481 -2.045 -1.232 0.186752623271 -0.529970332609 4.68099999428
0.471 -2.067 -1.336 0.149582066421 -0.625321217275 4.74000000954
0.473 -2.099 -1.343 0.151636478458 -0.654112809141 4.79400014877
0.48 -2.13 -1.305 0.18391117471 -0.675553624383 4.85199999809
0.482 -2.149 -1.331 0.152722465024 -0.624629605061 4.91000008583
0.483 -2.161 -1.379 0.118711742806 -0.611338734814 4.96400022507
0.486 -2.18 -1.503 0.0363702762959 -0.535641641984 5.02500009537
0.472 -2.187 -1.537 0.0165481272904 -0.489456340422 5.09400010109
0.471 -2.194 -1.475 0.0511992735475 -0.532823771685 5.14100003242
0.462 -2.211 -1.602 -0.0184037479205 -0.589602844432 5.1970000267
0.461 -2.213 -1.536 0.018945873045 -0.544259343342 5.24500012398
0.574 -2.173 -1.33 0.144832230676 -0.589801717473 5.30000019073
0.529 -2.164 -1.328 0.111196631624 -0.448948225647 5.35700011253
0.514 -2.185 -1.341 0.112456873301 -0.480731750301 5.41600012779
0.503 -2.203 -1.45 0.0519360910835 -0.427854335572 5.47600007057
0.503 -2.21 -1.469 0.0433064347479 -0.423951876601 5.52500009537
0.513 -2.217 -1.475 0.0397155496095 -0.413314242004 5.58600020409
0.504 -2.229 -1.605 -0.014640182187 -0.427862601584 5.64200019836
0.481 -2.236 -1.791 -0.0891146300082 -0.398129475271 5.70100021362
0.473 -2.235 -1.89 -0.1278617986 -0.386866964291 5.75300002098
0.457 -2.24 -1.973 -0.177345897238 -0.416898725636 5.80599999428
0.444 -2.247 -1.923 -0.167038217051 -0.454491364351 5.85500001907
0.427 -2.231 -1.953 -0.182015260053 -0.452807841749 5.91200017929
0.413 -2.223 -2.07 -0.213526400491 -0.391598311019 5.97100019455
0.396 -2.216 -2.165 -0.217652534611 -0.322132716559 6.02800011635
0.381 -2.22 -2.042 -0.210681062884 -0.413520876318 6.08800005913
0.375 -2.245 -1.924 -0.18266092628 -0.49546814869 6.14500021935
0.376 -2.252 -1.977 -0.214329901692 -0.498296605785 6.20100021362
0.381 -2.246 -1.895 -0.141782034361 -0.421893423903 6.25100016594
0.417 -2.244 -1.746 -0.0917132178411 -0.518099138572 6.31100010872
0.42 -2.244 -1.862 -0.133904249992 -0.446758340795 6.36400008202
0.427 -2.227 -1.967 -0.143070554562 -0.342007784921 6.42200016975
0.453 -2.215 -2.073 -0.165836591264 -0.30197827293 6.48000001907
0.455 -2.22 -2.161 -0.211690194499 -0.316025951747 6.53900003433
0.454 -2.194 -2.468 -0.35228565179 -0.281165708021 6.59500002861
0.433 -2.202 -2.458 -0.380321465586 -0.309817747359 6.65600013733
0.423 -2.207 -2.43 -0.367515108095 -0.316908922004 6.70700001717
0.407 -2.195 -2.425 -0.324828091879 -0.282943912405 6.76300001144
0.402 -2.186 -2.322 -0.266734560175 -0.285629740905 6.8180000782
0.404 -2.182 -2.304 -0.237914935888 -0.264143438931 6.87900018692
0.393 -2.185 -2.441 -0.266665141852 -0.224879246941 6.94100022316
0.363 -2.173 -2.53 -0.254687046736 -0.178610026877 7.00100016594
0.328 -2.148 -2.514 -0.224716069224 -0.163016692877 7.06300020218
0.297 -2.119 -2.977 -0.272470166476 -0.0452560005901 7.12400007248
0.291 -2.071 -2.751 -0.206665854868 -0.0850942267894 7.1740000248
0.281 -2.057 -2.817 -0.226758432122 -0.0763029027336 7.22600007057
0.259 -2.002 2.847 -0.317236368585 0.0962562765269 7.28299999237
0.23 -1.941 2.433 -0.374211158438 0.320730598948 7.34200000763
0.216 -1.883 2.157 -0.317649981311 0.478337146976 7.39900016785
0.201 -1.81 2.012 -0.281284744292 0.595624491469 7.46600008011
0.205 -1.797 1.902 -0.172507495209 0.501664399886 7.52600002289
0.251 -1.8 2.086 -0.215175747611 0.380027809152 7.57800006866
0.294 -1.791 2.127 -0.195888027731 0.315097904099 7.63300013542
0.276 -1.779 2.161 -0.283241619373 0.422842931145 7.69600009918
0.282 -1.751 2.2 -0.303724249613 0.417263377018 7.75200009346
0.276 -1.734 2.19 -0.340280237481 0.477447250888 7.80800008774
0.284 -1.711 2.151 -0.321846512508 0.491024189827 7.875
0.284 -1.692 2.178 -0.356967152819 0.513795774067 7.92300009727
0.258 -1.681 2.356 -0.407511917719 0.407670462699 7.97300004959
0.277 -1.706 2.515 -0.298044954427 0.215757401703 8.02800011635
0.264 -1.735 3.057 -0.292244235441 0.0247808535012 8.08900022507
0.256 -1.785 -2.641 -0.312061137335 -0.170719994184 8.14500021935
0.239 -1.827 -2.369 -0.309565780185 -0.301737304625 8.20399999619
0.22 -1.878 -2.394 -0.412094227446 -0.382056637302 8.25500011444
0.208 -1.914 -2.33 -0.450296761201 -0.474527606287 8.31300020218
0.189 -1.946 -2.217 -0.410247295961 -0.543927667991 8.37400007248
0.164 -1.979 -2.19 -0.404356107947 -0.567352114094 8.42900013924
0.141 -1.984 -2.247 -0.400145514917 -0.498684785231 8.48500013351
0.125 -2.019 -2.158 -0.386722712178 -0.581089407929 8.54700016975
0.131 -2.039 -2.164 -0.36741436624 -0.544958991567 8.60500001907
0.128 -2.057 -2.166 -0.369906924237 -0.546295643312 8.66600012779
0.118 -2.065 -2.151 -0.360682240626 -0.550273804767 8.72500014305
0.088 -2.083 -2.164 -0.382498408989 -0.567332054463 8.78100013733
0.075 -2.075 -2.208 -0.382155543875 -0.516282421267 8.83900022507
0.053 -2.061 -2.268 -0.357413766877 -0.426752810953 8.89700007439
0.058 -2.044 -2.137 -0.248651269047 -0.391191453364 8.95900011063
0.06 -2.042 -2.118 -0.248121260726 -0.407247313528 9.0110001564
0.057 -2.048 -2.163 -0.271214300328 -0.403141599762 9.06700015068
0.068 -2.057 -2.086 -0.223956862552 -0.395536377893 9.13900017738
0.08 -2.064 -1.949 -0.167319755298 -0.421108903861 9.19400000572
0.09 -2.068 -1.989 -0.167172631283 -0.376159356265 9.24700021744
0.094 -2.068 -2.014 -0.181729892396 -0.382830898485 9.30599999428
0.098 -2.08 -2.023 -0.213250661246 -0.438989837585 9.3630001545
0.136 -2.067 -1.857 -0.135236092857 -0.459544274351 9.43099999428
0.159 -2.07 -1.846 -0.138711733103 -0.491243625306 9.48200011253
0.155 -2.079 -1.924 -0.174732426639 -0.473962076654 9.54000020027
0.158 -2.099 -1.85 -0.14941566176 -0.521170731696 9.59900021553
0.169 -2.098 -1.883 -0.171139630221 -0.530239656423 9.66100001335
0.188 -2.082 -1.8 -0.118359340816 -0.507319106373 9.72000002861
0.189 -2.107 -1.78 -0.129704677383 -0.610920952423 9.78000020981
0.198 -2.113 -1.754 -0.107822290933 -0.581938562244 9.84000015259
0.222 -2.123 -1.742 -0.0882282489495 -0.510295998197 9.89800000191
0.241 -2.103 -1.88 -0.135991442146 -0.425705348644 9.95500016212
0.221 -2.094 -1.957 -0.156525174709 -0.384938328447 10.0140001774
0.184 -2.108 -2.137 -0.23830564079 -0.374915158578 10.0830001831
0.172 -2.131 -2.144 -0.237809606198 -0.368412763352 10.1360001564
0.171 -2.156 -2.144 -0.243102712355 -0.376612801597 10.1940000057
0.191 -2.24 -2.03 -0.257574599804 -0.520923786327 10.2570002079
0.192 -2.32 -2.01 -0.281121112718 -0.598374378316 10.3180000782
0.192 -2.474 -1.953 -0.306794032631 -0.763225807204 10.3760001659
0.172 -2.586 -1.922 -0.330760806833 -0.902748330316 10.4270000458
0.169 -2.674 -1.822 -0.250753224276 -0.977121262487 10.4790000916
0.157 -2.763 -1.711 -0.145591574576 -1.03161601157 10.5430002213
0.151 -2.819 -1.745 -0.174228495874 -0.990004883416 10.5990002155
0.107 -2.857 -1.837 -0.27107913341 -0.994146276357 10.6579999924
0.099 -2.916 -1.904 -0.317065397741 -0.916087106983 10.7150001526
0.082 -2.97 -1.883 -0.278859423891 -0.863986470718 10.7730000019
0.069 -3.016 -1.901 -0.276504318522 -0.806717258265 10.8330001831
0.051 -3.071 -1.91 -0.295283786603 -0.836874550844 10.8900001049
-0.009 -2.924 -2.171 -0.449875565058 -0.65729398066 10.9460000992
-0.049 -2.964 -2.211 -0.472046061219 -0.633737583998 10.9970002174
-0.088 -3.0 -2.235 -0.47528655895 -0.607113550883 11.0570001602
-0.12 -3.039 -2.293 -0.50034829888 -0.567948802032 11.1260001659
-0.144 -3.062 -2.221 -0.459096328278 -0.60365645972 11.1760001183
-0.171 -3.09 -2.393 -0.514576398866 -0.478026632767 11.2350001335
-0.189 -3.108 -2.277 -0.449825596326 -0.527376840761 11.2940001488
-0.216 -3.13 -2.239 -0.416027358815 -0.527060905036 11.3470001221
-0.252 -2.793 -2.42 -0.428623071194 -0.377141001178 11.4000000954
-0.285 -2.78 -2.497 -0.4719138656 -0.354740926354 11.4580001831
-0.313 -2.792 -2.447 -0.449649144406 -0.374596683136 11.5170001984
-0.292 -2.808 -2.332 -0.349483831946 -0.366817766347 11.5640001297
-0.3 -2.823 -2.288 -0.297584087725 -0.341214271 11.623000145
-0.309 -2.842 -2.106 -0.195351011357 -0.32946805187 11.6780002117
-0.506 -2.941 -2.113 -0.385168173429 -0.639358536013 11.737000227
-0.521 -2.966 -2.144 -0.409292687506 -0.634072998288 11.7890000343
-0.591 -2.852 -2.925 -0.582433103751 -0.128161142098 11.8410000801
-0.588 -2.853 -2.836 -0.550709408721 -0.173734908529 11.8920001984
-0.6 -2.856 -2.658 -0.410483342338 -0.215580027282 11.9560000896
