13.641 -5.263 2.339 -0.439915094797 0.455309543211 0.0190000534058
13.609 -5.257 2.418 -0.440672726604 0.389309815068 0.0710000991821
13.747 -5.306 2.247 -0.305219248322 0.380382110066 0.128000020981
13.709 -5.299 2.322 -0.418724029381 0.448385975721 0.184000015259
13.675 -5.281 2.258 -0.403237960768 0.491366635461 0.241000175476
13.669 -5.262 2.218 -0.358319810292 0.474092550513 0.297000169754
13.668 -5.253 2.229 -0.344050076924 0.444951454512 0.357000112534
13.661 -5.235 2.193 -0.333801496938 0.465396521931 0.412000179291
13.677 -5.207 2.092 -0.29177271379 0.508172116484 0.47000002861
13.677 -5.19 2.06 -0.260039943674 0.488461118599 0.529000043869
13.656 -5.176 2.147 -0.29014168803 0.446539451058 0.589000225067
13.652 -5.158 2.156 -0.290863246319 0.438951875969 0.644000053406
13.601 -5.149 2.28 -0.39207346835 0.456884889241 0.705000162125
13.632 -5.14 2.192 -0.341742549342 0.477475640795 0.764000177383
13.644 -5.143 2.133 -0.306752757688 0.486890862387 0.819000005722
13.625 -5.125 2.138 -0.319920822554 0.502206501149 0.881000041962
13.637 -5.116 2.157 -0.308092301736 0.463944597162 0.936000108719
13.638 -5.109 2.201 -0.334804303559 0.458996487152 0.992000102997
13.633 -5.122 2.389 -0.40971238271 0.383675546261 1.04400014877
13.622 -5.139 2.523 -0.40583560947 0.288868313981 1.09400010109
13.596 -5.181 2.897 -0.476271412171 0.118872536243 1.15799999237
13.552 -5.216 3.096 -0.554175521136 0.0252838540901 1.21800017357
13.527 -5.21 3.115 -0.494881965778 0.0131633277301 1.26900005341
13.435 -5.298 -2.771 -0.624594851958 -0.242683287708 1.32700014114
13.404 -5.324 -2.761 -0.616132578525 -0.246514696527 1.375
13.384 -5.336 -2.615 -0.526514492295 -0.306088689578 1.43200016022
13.351 -5.352 -2.624 -0.53005089747 -0.301794912163 1.49300003052
13.406 -5.369 -2.526 -0.467517175808 -0.330663777196 1.55400013924
13.439 -5.39 -2.275 -0.372978886438 -0.439056997562 1.60900020599
13.458 -5.422 -2.137 -0.325623901975 -0.51228890949 1.66100001335
13.495 -5.442 -1.991 -0.258287601995 -0.578061450485 1.71400022507
13.534 -5.454 -1.958 -0.241213896312 -0.591515206461 1.75900006294
13.615 -5.463 -1.917 -0.255833162773 -0.709205118897 1.81300020218
13.613 -5.47 -1.994 -0.334972430793 -0.743688017871 1.86100006104
13.594 -5.499 -2.016 -0.325990175355 -0.683198158473 1.92000007629
13.618 -5.519 -1.921 -0.232800038233 -0.637355498038 1.98000001907
13.613 -5.497 -1.93 -0.210933475491 -0.561749295534 2.03600001335
13.628 -5.482 -1.837 -0.115801106453 -0.424684988956 2.09500002861
13.646 -5.485 -1.609 -0.0149351486884 -0.390744676526 2.14900016785
13.663 -5.528 -1.553 0.009224292462 -0.518270918572 2.20200014114
13.67 -5.54 -1.585 -0.00677363182224 -0.476860893965 2.25800013542
13.667 -5.548 -1.584 -0.00507839446689 -0.384597472782 2.31600022316
13.661 -5.516 -1.677 -0.0228874591518 -0.214694490229 2.37400007248
13.679 -5.546 -1.502 0.0219554614903 -0.318633474437 2.42500019073
13.697 -5.564 -1.588 -0.0053763299608 -0.312479752548 2.47699999809
13.672 -5.535 -1.927 -0.074414485335 -0.199998709017 2.53600001335
13.674 -5.534 -2.084 -0.0659432600279 -0.117009400481 2.58800005913
13.68 -5.512 -2.039 -0.0293776863235 -0.0580921780473 2.63700008392
13.674 -5.417 2.052 -0.127539202473 0.244261660415 2.69600009918
13.656 -5.322 1.854 -0.128715004466 0.442279915061 2.7570002079
13.633 -5.245 1.779 -0.126458438941 0.598576681589 2.81300020218
13.629 -5.209 1.747 -0.108546519653 0.609640032359 2.86600017548
13.624 -5.186 1.73 -0.105114167431 0.654662001352 2.91300010681
13.626 -5.28 1.611 -0.0155923313776 0.387624523278 2.96700000763
13.619 -5.222 1.622 -0.0244770992698 0.477616204353 3.02600002289
13.598 -5.189 1.732 -0.0827060536227 0.508601266434 3.08000016212
13.593 -5.17 1.641 -0.0333458748357 0.474207017573 3.12900018692
13.565 -5.15 1.751 -0.0839075775533 0.460575247669 3.17900013924
13.568 -5.156 1.715 -0.0617562533572 0.425284528517 3.23100018501
13.591 -5.157 1.653 -0.0349588107716 0.424312318993 3.28000020981
13.63 -5.155 1.531 0.019099383294 0.479674907185 3.33800005913
13.649 -5.13 1.509 0.0325905909713 0.526715690016 3.38800001144
13.653 -5.111 1.57 0.000465890942114 0.585049814499 3.44500017166
13.712 -5.118 1.461 0.0697958757561 0.63312848066 3.5
13.726 -5.1 1.473 0.0555741478552 0.56645135831 3.5600001812
13.704 -5.093 1.598 -0.0140536427167 0.516480832859 3.61200022697
13.683 -5.082 1.7 -0.0611526892605 0.470667918996 3.67000007629
13.893 -5.119 0.8 0.444433390133 0.457605754521 3.72300004959
13.933 -5.111 0.766 0.456914234795 0.439522820861 3.77700018883
13.935 -5.091 0.805 0.423888810447 0.440841279662 3.83000016212
13.938 -5.115 0.629 0.411864643326 0.299666221993 3.89100003242
13.922 -5.115 0.717 0.293486697874 0.255854092756 3.94400000572
13.922 -5.109 0.622 0.289584897626 0.207612870967 4.0
13.93 -5.105 0.623 0.325482890731 0.233842446997 4.0490000248
13.943 -5.094 0.664 0.391326159186 0.306226127131 4.10700011253
13.94 -5.121 0.467 0.424432164801 0.213997653547 4.15600013733
13.949 -5.111 0.472 0.546170084086 0.278811372096 4.21200013161
13.963 -5.098 0.493 0.590453126931 0.317219668902 4.26400017738
13.977 -5.097 0.468 0.549101600691 0.277544715676 4.31200003624
13.977 -5.099 0.528 0.41742286806 0.243455023734 4.37700009346
13.92 -5.152 0.507 0.140810839658 0.078210093747 4.42800021172
13.92 -5.328 -2.489 -0.402917736136 -0.307951421141 4.48400020599
13.887 -5.363 -2.42 -0.409994597187 -0.360749999831 4.54600000381
13.854 -5.401 -2.289 -0.393351142121 -0.450112720123 4.6210000515
13.818 -5.441 -2.247 -0.440584571361 -0.549082306697 4.68099999428
13.785 -5.472 -2.181 -0.42862456533 -0.613002053892 4.74000000954
13.761 -5.501 -2.125 -0.389213424489 -0.628875258555 4.79400014877
13.756 -5.496 -2.109 -0.364973903506 -0.611356329753 4.85199999809
13.73 -5.505 -2.17 -0.374407120318 -0.548205625523 4.91000008583
13.729 -5.5 -2.166 -0.35049963621 -0.517634063323 4.96400022507
13.716 -5.518 -2.233 -0.36666398894 -0.470297892294 5.02500009537
13.7 -5.517 -2.304 -0.378075358718 -0.419755594806 5.09400010109
13.687 -5.522 -2.345 -0.403542021133 -0.412679587627 5.14100003242
13.664 -5.534 -2.394 -0.435211649474 -0.403489028088 5.1970000267
13.63 -5.513 -2.489 -0.470550577459 -0.359643435995 5.24500012398
13.6 -5.517 -2.448 -0.407116641631 -0.338474329116 5.30000019073
13.574 -5.515 -2.527 -0.393834814715 -0.277959566743 5.35700011253
13.63 -5.557 -2.278 -0.2886209388 -0.337695493879 5.41600012779
13.631 -5.557 -2.267 -0.254463898437 -0.304448421471 5.47600007057
13.641 -5.558 -2.315 -0.301920524051 -0.32787950066 5.52500009537
13.651 -5.534 -2.473 -0.269177006919 -0.212640692488 5.58600020409
13.655 -5.524 -2.552 -0.286876542347 -0.191910608493 5.64200019836
13.662 -5.516 -2.851 -0.32724175241 -0.0978643720861 5.70100021362
13.658 -5.474 2.87 -0.28436206348 0.0791873094455 5.75300002098
13.66 -5.446 2.349 -0.211164784662 0.214225302275 5.80599999428
13.659 -5.408 2.045 -0.201695813614 0.392965781965 5.85500001907
13.677 -5.361 1.866 -0.16429898202 0.540299508135 5.91200017929
13.68 -5.369 1.838 -0.142356522822 0.52002393316 5.97100019455
13.682 -5.362 1.722 -0.0870037412207 0.571015796848 6.02800011635
13.673 -5.318 1.792 -0.128678764853 0.57220157422 6.08800005913
13.671 -5.289 1.76 -0.123723151159 0.646093520906 6.14500021935
13.659 -5.259 1.755 -0.12006621061 0.644423306716 6.20100021362
13.65 -5.231 1.758 -0.120325602943 0.635226294922 6.25100016594
13.609 -5.214 1.905 -0.199863058165 0.575595151326 6.31100010872
13.607 -5.181 1.879 -0.201541007571 0.633083955228 6.36400008202
13.586 -5.194 2.051 -0.257863663434 0.495063621271 6.42200016975
13.577 -5.203 2.053 -0.248908062812 0.47554628089 6.48000001907
13.513 -5.246 2.365 -0.342079312334 0.336107378428 6.53900003433
13.465 -5.274 2.494 -0.358497491159 0.271172074259 6.59500002861
13.448 -5.263 2.522 -0.321956459183 0.229649684116 6.65600013733
13.47 -5.236 2.256 -0.241964726885 0.296052170322 6.70700001717
13.579 -5.142 1.573 -0.000803872890518 0.364787114263 6.76300001144
13.567 -5.142 1.751 -0.0725562277538 0.398266801903 6.8180000782
13.578 -5.116 1.76 -0.081122806766 0.423630657302 6.87900018692
13.572 -5.11 1.759 -0.080152819413 0.420843129924 6.94100022316
13.567 -5.103 1.773 -0.0928667563722 0.452996878891 7.00100016594
13.57 -5.114 1.672 -0.0502321099789 0.494650991258 7.06300020218
13.565 -5.103 1.661 -0.0473174153168 0.523138449441 7.12400007248
13.566 -5.096 1.65 -0.0401546422783 0.505918970591 7.1740000248
13.574 -5.089 1.598 -0.0139410334 0.512342364647 7.22600007057
13.575 -5.086 1.658 -0.0434239688424 0.496697434455 7.28299999237
13.64 -5.152 1.298 0.0973692650073 0.348032031641 7.34200000763
13.666 -5.165 1.269 0.14502938462 0.46587469874 7.39900016785
13.664 -5.221 1.374 0.107880114467 0.541086402156 7.46600008011
13.691 -5.208 1.238 0.191604657227 0.554327781545 7.52600002289
13.704 -5.17 1.244 0.19491151293 0.575046318907 7.57800006866
13.744 -5.167 1.221 0.181319827361 0.497042133958 7.63300013542
13.736 -5.149 1.28 0.143446773246 0.479305873077 7.69600009918
13.733 -5.141 1.309 0.142128078496 0.530435704786 7.75200009346
13.698 -5.15 1.411 0.0928781017494 0.576272379085 7.80800008774
13.738 -5.159 1.431 0.0749347562339 0.532531651259 7.875
13.754 -5.149 1.451 0.0569627665919 0.473219948563 7.92300009727
13.73 -5.127 1.578 -0.0041095303546 0.570467198079 7.97300004959
13.73 -5.119 1.452 0.0758204874746 0.635234098367 8.02800011635
13.758 -5.195 1.204 0.254795669857 0.663215887323 8.08900022507
13.767 -5.175 1.332 0.180385956905 0.740983314203 8.14500021935
13.75 -5.168 1.454 0.0803949451057 0.685201738472 8.20399999619
13.732 -5.173 1.488 0.0497738895826 0.599786274451 8.25500011444
13.73 -5.165 1.486 0.0502894517329 0.591639541083 8.31300020218
13.756 -5.205 1.455 0.0493006378435 0.42384838981 8.37400007248
13.759 -5.182 1.423 0.069371432082 0.465949226457 8.42900013924
13.756 -5.163 1.413 0.0788646894199 0.495632777555 8.48500013351
13.778 -5.179 1.502 0.0308941992802 0.448358876944 8.54700016975
13.798 -5.195 1.371 0.0827962057376 0.408874186327 8.60500001907
13.795 -5.19 1.334 0.103934436475 0.43068452865 8.66600012779
13.795 -5.173 1.349 0.102461596201 0.454362385424 8.72500014305
13.788 -5.151 1.456 0.0551751009493 0.478521568061 8.78100013733
13.785 -5.122 1.538 0.0171092359155 0.521494414804 8.83900022507
13.775 -5.112 1.532 0.0197720098713 0.509380411207 8.89700007439
13.771 -5.098 1.516 0.024935353042 0.454599646126 8.95900011063
13.761 -5.088 1.603 -0.0165429367134 0.513519605313 9.0110001564
13.743 -5.091 1.705 -0.0795849461081 0.589451674315 9.06700015068
13.725 -5.072 1.791 -0.122800436762 0.548624546235 9.13900017738
13.705 -5.114 1.912 -0.172513840958 0.485828926762 9.19400000572
13.686 -5.115 1.904 -0.174390956608 0.503862320081 9.24700021744
13.674 -5.093 1.936 -0.212584813025 0.555987343669 9.30599999428
13.646 -5.071 2.028 -0.292051440902 0.593635674835 9.3630001545
13.625 -5.065 2.166 -0.356033522292 0.525806762072 9.43099999428
13.613 -5.063 2.168 -0.374862560632 0.551236444983 9.48200011253
13.603 -5.049 2.14 -0.365701512261 0.571546467778 9.54000020027
13.592 -5.034 2.17 -0.379444634852 0.555581537082 9.59900021553
13.569 -5.03 2.281 -0.402523832494 0.468114723028 9.66100001335
13.563 -5.033 2.22 -0.372725216228 0.491107307163 9.72000002861
13.545 -5.02 2.187 -0.351432770776 0.496238496646 9.78000020981
13.615 -5.087 1.985 -0.203231974395 0.46227101933 9.84000015259
13.604 -5.07 2.037 -0.232070601755 0.461190345459 9.89800000191
13.594 -5.051 1.972 -0.187078699268 0.441002038594 9.95500016212
13.577 -5.037 2.102 -0.289132782755 0.492111549989 10.0140001774
13.546 -5.025 2.213 -0.353346583238 0.472404441912 10.0830001831
13.539 -5.012 2.235 -0.422910156207 0.540209862459 10.1360001564
13.542 -5.001 2.217 -0.39687392768 0.526196545583 10.1940000057
13.596 -5.065 2.341 -0.324456708382 0.334469527179 10.2570002079
13.471 -5.182 -3.113 -0.536270713966 -0.0153375826776 10.3180000782
13.454 -5.191 3.09 -0.509996491572 0.0263354430467 10.3760001659
13.428 -5.194 -3.096 -0.508187360136 -0.0231856777755 10.4270000458
13.495 -5.204 -2.918 -0.277168350933 -0.0630266354589 10.4790000916
13.47 -5.218 -2.653 -0.320871305313 -0.170569333489 10.5430002213
13.45 -5.245 -2.468 -0.361095684951 -0.288197158774 10.5990002155
13.546 -5.245 -1.653 -0.048908258964 -0.593623647971 10.6579999924
13.543 -5.283 -1.653 -0.047515818534 -0.57672291208 10.7150001526
13.54 -5.312 -1.652 -0.0446496974611 -0.54863914345 10.7730000019
13.539 -5.344 -1.631 -0.0294733789238 -0.488969529095 10.8330001831
13.49 -5.374 -2.122 -0.280356667595 -0.456040562407 10.8900001049
13.473 -5.419 -2.113 -0.315635372778 -0.52393781152 10.9460000992
13.457 -5.426 -2.264 -0.373639485686 -0.449769032479 10.9970002174
13.44 -5.438 -2.352 -0.391806553938 -0.395107275636 11.0570001602
13.454 -5.446 -2.298 -0.336978644276 -0.378672686237 11.1260001659
13.447 -5.459 -2.311 -0.366587567893 -0.401316237014 11.1760001183
13.417 -5.485 -2.399 -0.394572100911 -0.362159998818 11.2350001335
13.398 -5.505 -2.303 -0.336271962739 -0.374095267766 11.2940001488
13.369 -5.507 -2.503 -0.445849967641 -0.330980561332 11.3470001221
13.367 -5.514 -2.397 -0.353797597498 -0.326041028348 11.4000000954
13.505 -5.501 -1.963 -0.0666899735307 -0.161229711637 11.4580001831
13.496 -5.554 -1.933 -0.0997646581748 -0.26328628505 11.5170001984
13.496 -5.558 -2.022 -0.125569484665 -0.259151695657 11.5640001297
13.491 -5.562 -2.296 -0.196363723185 -0.221550270442 11.623000145
13.498 -5.553 -2.136 -0.161605592368 -0.254809031905 11.6780002117
13.494 -5.571 -2.083 -0.138264365057 -0.245910224636 11.737000227
13.493 -5.567 -2.457 -0.262258275312 -0.214077676443 11.7890000343
13.499 -5.539 -2.935 -0.293989642587 -0.0616151943973 11.8410000801
13.497 -5.486 2.819 -0.321748457299 0.107550619384 11.8920001984
13.507 -5.418 2.452 -0.321721543498 0.265308157572 11.9560000896
