15.056 -12.277 -2.109 -0.0702444039853 -0.117664196244 3.44500017166
15.053 -12.278 -2.098 -0.0350054882123 -0.0601296492923 3.5
15.057 -12.28 -0.526 0.0460379501074 -0.0267276243971 3.5600001812
15.056 -12.287 -2.688 -0.113064547599 -0.0551182613314 3.61200022697
15.046 -12.304 -2.671 -0.170307769226 -0.0866375543578 3.67000007629
15.021 -12.329 -2.631 -0.271712161182 -0.152196050613 3.72300004959
15.009 -12.332 -2.775 -0.344577611629 -0.13230001577 3.77700018883
14.986 -12.324 -2.818 -0.365252359354 -0.12249883671 3.83000016212
14.977 -12.331 -2.772 -0.399291206149 -0.154683260658 3.89100003242
14.972 -12.334 -2.814 -0.426945613409 -0.145092042052 3.94400000572
14.963 -12.343 -2.563 -0.424555034653 -0.277301880988 4.0
14.954 -12.355 -2.49 -0.451082104627 -0.344049574162 4.0490000248
14.932 -12.373 -2.447 -0.434977410775 -0.362373858246 4.10700011253
14.918 -12.387 -2.481 -0.52215305045 -0.405741629121 4.15600013733
14.913 -12.376 -2.556 -0.532376965377 -0.353067721131 4.21200013161
14.912 -12.366 -2.616 -0.449954906232 -0.260979173358 4.26400017738
14.897 -12.38 -2.604 -0.447579345447 -0.266829792358 4.31200003624
14.909 -12.363 -2.671 -0.324586404163 -0.165120900604 4.37700009346
14.947 -12.27 2.756 -0.234667339851 0.0952543268118 4.42800021172
15.014 -12.148 1.861 -0.137804862036 0.46144973569 4.48400020599
15.071 -12.108 1.672 -0.0667682585095 0.657487516852 4.54600000381
15.066 -12.081 1.79 -0.141985775536 0.637326484579 4.6210000515
15.067 -12.017 1.782 -0.153315488331 0.715087149431 4.68099999428
15.054 -11.973 1.79 -0.15967205072 0.716714236948 4.74000000954
15.051 -11.951 1.76 -0.139215416533 0.726995536317 4.79400014877
15.039 -11.923 1.674 -0.0696910441407 0.67287761881 4.85199999809
15.021 -11.904 1.793 -0.151374594729 0.669993462828 4.91000008583
15.035 -11.973 1.877 -0.197644665464 0.625167569352 4.96400022507
15.014 -11.942 1.948 -0.263632856657 0.665447304585 5.02500009537
14.964 -11.898 1.992 -0.306671807141 0.684509245514 5.09400010109
14.935 -11.901 2.053 -0.343660710403 0.656574041331 5.14100003242
14.903 -11.884 2.031 -0.339715939795 0.685322274591 5.1970000267
14.869 -11.868 2.0 -0.331563327432 0.724479087634 5.24500012398
14.82 -11.841 2.039 -0.390375558903 0.771938478183 5.30000019073
14.801 -11.832 2.078 -0.403208995159 0.725596428067 5.35700011253
14.901 -11.822 1.822 -0.197491626021 0.769574419256 5.41600012779
15.035 -11.85 1.693 -0.0793067522598 0.645738172285 5.47600007057
15.025 -11.822 1.651 -0.0542884040217 0.67542976752 5.52500009537
15.008 -11.894 1.543 0.0153275057119 0.551279962104 5.58600020409
15.037 -11.922 1.562 0.00407227734418 0.462940089343 5.64200019836
15.022 -11.895 1.646 -0.0372216938644 0.494011735943 5.70100021362
15.013 -11.856 1.713 -0.0754662344702 0.52710915161 5.75300002098
15.003 -11.882 1.706 -0.0659312780744 0.484669122454 5.80599999428
14.995 -11.854 1.752 -0.0881286294169 0.481016464589 5.85500001907
14.973 -11.818 1.754 -0.100797408424 0.544023860271 5.91200017929
14.96 -11.792 1.731 -0.094985433292 0.587823177636 5.97100019455
14.955 -11.765 1.702 -0.0781274743826 0.592046329089 6.02800011635
14.938 -11.746 1.723 -0.0927760758001 0.604837908454 6.08800005913
14.94 -11.702 1.667 -0.0599160585431 0.620881702649 6.14500021935
14.932 -11.73 1.811 -0.125728012527 0.513316809549 6.20100021362
14.929 -11.702 1.763 -0.108225870906 0.556128157521 6.25100016594
14.909 -11.678 1.728 -0.0946214714604 0.596937223868 6.31100010872
14.887 -11.654 1.702 -0.0823575220387 0.624101431426 6.36400008202
14.903 -11.672 1.731 -0.0906045554412 0.560711846458 6.42200016975
14.893 -11.634 1.74 -0.0987718391201 0.578163727154 6.48000001907
14.774 -11.76 2.89 -0.300673248083 0.0772847830823 6.53900003433
14.768 -11.749 2.69 -0.254964866968 0.12366328071 6.59500002861
14.71 -11.76 2.557 -0.259229301886 0.171545596107 6.65600013733
14.672 -11.755 2.515 -0.252539075936 0.182815290254 6.70700001717
14.648 -11.742 2.555 -0.331486951447 0.220316830034 6.76300001144
14.661 -11.802 2.871 -0.324790460996 0.090095668437 6.8180000782
14.642 -11.931 -2.664 -0.398557990751 -0.206275619219 6.87900018692
14.619 -11.961 -2.659 -0.433619540992 -0.227177900214 6.94100022316
14.595 -12.014 -2.526 -0.468669160467 -0.331478548542 7.00100016594
14.556 -12.054 -2.4 -0.460605610476 -0.421921321099 7.06300020218
14.55 -12.059 -2.397 -0.441173549257 -0.406562053267 7.12400007248
14.548 -12.079 -2.336 -0.43846752995 -0.456544294875 7.1740000248
14.544 -12.092 -2.353 -0.442589376809 -0.445426143329 7.22600007057
14.527 -12.099 -2.371 -0.463291313423 -0.449771958355 7.28299999237
14.524 -12.093 -2.401 -0.459929793103 -0.420457187862 7.34200000763
14.536 -12.081 -2.485 -0.456740756885 -0.351991634516 7.39900016785
14.517 -12.087 -2.493 -0.437677343408 -0.331753344321 7.46600008011
14.531 -12.089 -2.454 -0.396419479234 -0.325578105599 7.52600002289
14.585 -12.117 -2.066 -0.279479589741 -0.517467645952 7.57800006866
14.572 -12.153 -2.035 -0.280705770851 -0.560631956466 7.63300013542
14.555 -12.203 -1.995 -0.245288493114 -0.543125390736 7.69600009918
14.546 -12.21 -2.031 -0.260919621199 -0.526363374039 7.75200009346
14.529 -12.208 -2.104 -0.292495755333 -0.495563498593 7.80800008774
14.516 -12.205 -2.22 -0.312835245495 -0.412195548656 7.875
14.542 -12.276 -1.937 -0.209641958642 -0.546651362351 7.92300009727
14.572 -12.346 -1.809 -0.161376695223 -0.664611339181 7.97300004959
14.529 -12.319 -1.975 -0.245010946698 -0.572780459065 8.02800011635
14.542 -12.292 -2.016 -0.253903767763 -0.532122130297 8.08900022507
14.615 -12.402 -1.688 -0.0901406852968 -0.765569535064 8.14500021935
14.58 -12.47 -1.762 -0.144622926426 -0.747141505507 8.20399999619
14.586 -12.487 -1.676 -0.0774331160602 -0.733313115004 8.25500011444
14.628 -12.491 -1.69 -0.0793189028973 -0.662251841725 8.31300020218
14.643 -12.473 -1.707 -0.0842074162883 -0.61441843827 8.37400007248
14.69 -12.481 -1.589 -0.0121418347533 -0.666925483952 8.42900013924
14.748 -12.467 -1.482 0.0491537292789 -0.552100229627 8.48500013351
14.82 -12.498 -1.294 0.165814450996 -0.5836709348 8.54700016975
14.989 -12.479 -0.983 0.35304392967 -0.529802648218 8.60500001907
15.039 -12.496 -0.971 0.361180050073 -0.528166217524 8.66600012779
15.129 -12.498 -0.882 0.452409528438 -0.549497812238 8.72500014305
15.186 -12.511 -0.906 0.462594554599 -0.590180306937 8.78100013733
15.211 -12.508 -0.87 0.47256758341 -0.560146104789 8.83900022507
15.231 -12.525 -0.934 0.39385668888 -0.532543873423 8.89700007439
15.243 -12.539 -0.895 0.391273278991 -0.488034824036 8.95900011063
15.24 -12.538 -0.851 0.354315195752 -0.404142942718 9.0110001564
15.225 -12.524 -0.855 0.340097054605 -0.391069959563 9.06700015068
15.238 -12.542 -0.958 0.309555943113 -0.440279682252 9.13900017738
15.253 -12.546 -0.792 0.366710569142 -0.371584744983 9.19400000572
15.241 -12.538 -0.785 0.384405396289 -0.38409940579 9.24700021744
15.251 -12.548 -0.68 0.429651693609 -0.347442729387 9.30599999428
15.277 -12.575 -0.727 0.432309036534 -0.384551574912 9.3630001545
15.312 -12.583 -0.664 0.486301118274 -0.380547286637 9.43099999428
15.311 -12.626 -0.694 0.472975698129 -0.393555101331 9.48200011253
15.33 -12.619 -0.647 0.432997290537 -0.327121409669 9.54000020027
15.349 -12.619 -0.681 0.437702795748 -0.354677862038 9.59900021553
15.378 -12.605 -0.554 0.488266685252 -0.302052691631 9.66100001335
15.375 -12.56 -0.607 0.380431489297 -0.264195490485 9.72000002861
15.403 -12.596 -0.588 0.452609520101 -0.301737977951 9.78000020981
15.422 -12.575 -0.357 0.47368228158 -0.176674807149 9.84000015259
15.452 -12.574 -0.404 0.460455070545 -0.196852024044 9.89800000191
15.476 -12.537 -0.201 0.519058308536 -0.105758825018 9.95500016212
15.482 -12.499 -0.047 0.451077326116 -0.0212162588672 10.0140001774
15.448 -12.471 -0.148 0.404718703424 -0.060339572115 10.0830001831
15.428 -12.419 0.07 0.309659781499 0.0217116586705 10.1360001564
15.449 -12.41 0.172 0.313701826916 0.0544951721688 10.1940000057
15.468 -12.405 0.119 0.310322720256 0.0371037111639 10.2570002079
15.469 -12.393 -0.111 0.313304926376 -0.0349203827818 10.3180000782
15.425 -12.287 0.427 0.234845688172 0.10685361431 10.3760001659
15.206 -12.217 2.385 -0.712980291626 0.673044105857 10.4270000458
15.128 -12.179 2.522 -0.860239575222 0.613603924007 10.4790000916
15.081 -12.147 2.513 -0.840177163238 0.610776395339 10.5430002213
15.06 -12.136 2.489 -0.797075182012 0.609207322098 10.5990002155
15.056 -12.132 2.48 -0.657319506755 0.511828436061 10.6579999924
15.039 -12.116 2.486 -0.64529300534 0.496273477655 10.7150001526
15.016 -12.103 2.468 -0.631088967903 0.503683802004 10.7730000019
15.015 -12.116 2.516 -0.645679324795 0.466429691779 10.8330001831
15.004 -12.114 2.533 -0.648583203656 0.451949705453 10.8900001049
14.999 -12.106 2.493 -0.617225141236 0.467848080072 10.9460000992
14.991 -12.115 2.506 -0.618504577981 0.456280503892 10.9970002174
14.971 -12.103 2.484 -0.612386470874 0.472918339102 11.0570001602
15.01 -12.152 2.632 -0.475513162054 0.265728186103 11.1260001659
15.007 -12.194 2.736 -0.52315055429 0.224641515554 11.1760001183
15.008 -12.199 2.719 -0.545492568388 0.245300292936 11.2350001335
15.002 -12.182 2.577 -0.527788718094 0.334283388874 11.2940001488
14.986 -12.164 2.575 -0.496747174673 0.316016537477 11.3470001221
15.034 -12.165 2.45 -0.392787130314 0.325234487501 11.4000000954
15.037 -12.158 2.327 -0.303898947118 0.32218226358 11.4580001831
15.04 -12.157 2.315 -0.281321886324 0.305509802298 11.5170001984
15.056 -12.139 2.279 -0.276753062322 0.323154853981 11.5640001297
15.056 -12.114 2.176 -0.268812971206 0.388568451669 11.623000145
15.064 -12.089 2.184 -0.265837431538 0.377771932014 11.6780002117
15.055 -12.083 2.297 -0.343169774465 0.386407226032 11.737000227
15.044 -12.075 2.232 -0.340494791286 0.437634055106 11.7890000343
15.044 -12.07 2.204 -0.334774424669 0.456075437414 11.8410000801
15.034 -12.07 2.23 -0.302944312313 0.390981794213 11.8920001984
15.023 -12.058 2.098 -0.226893945507 0.389740411194 11.9560000896
