-33.039 0.55 -1.293 0.114003390362 -0.399773514014 0.0190000534058
-33.026 0.534 -1.287 0.108039661436 -0.370418640414 0.0710000991821
-33.084 0.544 -1.251 0.0863466917998 -0.260737439552 0.128000020981
-33.118 0.523 -1.313 0.0893692659679 -0.338952240878 0.184000015259
-33.135 0.529 -1.371 0.0817081947689 -0.403501239637 0.241000175476
-33.185 0.5 -1.542 0.0112342556039 -0.390020236174 0.297000169754
-33.197 0.488 -1.633 -0.0249654479329 -0.400832278254 0.357000112534
-33.194 0.491 -1.696 -0.0483530519812 -0.384175049685 0.412000179291
-33.195 0.501 -1.683 -0.0472741726471 -0.419555046091 0.47000002861
-33.198 0.478 -1.563 0.00292455186904 -0.375111599561 0.529000043869
-33.2 0.523 -1.618 -0.0123046839476 -0.260478532923 0.589000225067
-33.221 0.572 -2.083 -0.122602261609 -0.218054374898 0.644000053406
-33.222 0.543 -1.8 -0.0693352632375 -0.297189081515 0.705000162125
-33.221 0.521 -1.679 -0.0343168258872 -0.315911583138 0.764000177383
-33.208 0.551 -1.453 0.0342217229999 -0.289171069431 0.819000005722
-33.205 0.552 -1.516 0.0152805802854 -0.278582235376 0.881000041962
-33.207 0.615 0.306 0.065894808943 0.0208176650796 0.936000108719
-33.273 0.746 2.118 -0.168509445961 0.276578552644 0.992000102997
-33.282 0.778 1.875 -0.10397586787 0.331187981027 1.04400014877
-33.29 0.865 1.657 -0.0439270936425 0.508310488254 1.09400010109
-33.288 0.924 1.581 -0.00624115208117 0.611636158386 1.15799999237
-33.269 0.96 1.443 0.078628997288 0.611914902336 1.21800017357
-33.257 0.984 1.367 0.12794335822 0.619084495829 1.26900005341
-33.238 1.01 1.34 0.147305599341 0.626876344109 1.32700014114
-33.213 1.022 1.261 0.182307850383 0.569528808494 1.375
-33.203 1.013 1.169 0.194270610071 0.457201707957 1.43200016022
-33.203 1.012 1.105 0.202115884577 0.402069607588 1.49300003052
-33.208 0.984 1.163 0.159395585365 0.368959518227 1.55400013924
-33.219 0.985 1.36 0.0778708896141 0.363925024036 1.60900020599
-33.208 0.99 1.128 0.166292629236 0.350679531142 1.66100001335
-33.181 0.993 1.065 0.221062798671 0.399136445091 1.71400022507
-33.174 0.977 1.059 0.203371173486 0.362051147485 1.75900006294
-33.169 0.98 0.917 0.298216523517 0.389208876351 1.81300020218
-33.159 0.98 0.966 0.312598496187 0.452253945541 1.86100006104
-33.141 0.98 0.892 0.352672717136 0.437194413584 1.92000007629
-33.117 0.981 0.862 0.389005700446 0.453683822057 1.98000001907
-33.084 0.984 0.824 0.428665336774 0.463106475179 2.03600001335
-33.073 0.992 0.854 0.422411799705 0.484742028876 2.09500002861
-33.044 1.002 0.866 0.425311631957 0.500060247117 2.14900016785
-33.021 1.013 0.984 0.347241656229 0.522226278672 2.20200014114
-33.012 1.015 0.928 0.35999190451 0.480694635178 2.25800013542
-33.011 1.015 0.787 0.379965368514 0.381184607448 2.31600022316
-32.988 1.044 0.83 0.35232766393 0.385246665396 2.37400007248
-32.995 1.053 0.783 0.381732308133 0.379905772065 2.42500019073
-32.989 1.07 0.885 0.30751651587 0.375802282941 2.47699999809
-32.975 1.086 0.873 0.282788667434 0.337244041104 2.53600001335
-32.965 1.066 0.664 0.347570800665 0.271986059948 2.58800005913
-32.948 1.069 0.493 0.388396310841 0.208665080272 2.63700008392
-33.046 1.068 0.369 0.423900392074 0.163927864163 2.69600009918
-33.024 1.063 0.437 0.384048768154 0.179397160981 2.7570002079
-33.004 1.081 0.553 0.328751931955 0.202919015353 2.81300020218
-32.98 1.09 0.427 0.355423327985 0.161715837752 2.86600017548
-33.003 1.09 0.402 0.438188711487 0.186297124868 2.91300010681
-32.973 1.077 0.361 0.444357243504 0.167764838179 2.96700000763
-32.965 1.073 0.455 0.425131674199 0.207990042265 3.02600002289
-32.957 1.077 0.481 0.383164752215 0.199966995016 3.08000016212
-32.944 1.068 0.504 0.453445404093 0.250078621763 3.12900018692
-32.914 1.048 0.364 0.686539272774 0.261555314539 3.17900013924
-32.88 1.032 0.278 0.740342557479 0.211286504986 3.23100018501
-32.844 1.046 0.18 0.722668610726 0.131503666746 3.28000020981
-32.804 1.054 0.158 0.665526603041 0.106037044875 3.33800005913
-32.775 1.062 0.19 0.601115234447 0.115606384241 3.38800001144
-32.875 1.058 0.21 0.426278686306 0.0908580811875 3.44500017166
-33.11 1.063 2.723 -0.145389190201 0.064681556542 3.5
-33.171 1.082 2.644 -0.312884721636 0.169952966834 3.5600001812
-33.226 1.091 2.745 -0.416002821511 0.174214725485 3.61200022697
-33.245 1.102 2.795 -0.385613964734 0.139272934333 3.67000007629
-33.251 1.089 2.853 -0.264543939035 0.0785380051681 3.72300004959
-33.213 1.064 -3.048 -0.0811721804852 -0.00761938030806 3.77700018883
-33.279 1.07 -3.136 -0.30189027871 -0.00168838535397 3.83000016212
-33.281 1.043 -2.714 -0.267146194242 -0.12174133639 3.89100003242
-33.277 1.018 -2.475 -0.266730736323 -0.209843221148 3.94400000572
-33.265 0.979 -2.327 -0.23417088289 -0.248259185593 4.0
-33.238 0.973 -2.459 -0.285406201042 -0.23202338849 4.0490000248
-33.238 0.95 -2.386 -0.326883567819 -0.307956238597 4.10700011253
-33.258 0.89 -2.109 -0.318720969592 -0.533879491967 4.15600013733
-33.249 0.882 -2.178 -0.294440886547 -0.423799450525 4.21200013161
-33.244 0.882 -2.087 -0.253717456775 -0.447054109943 4.26400017738
-33.259 0.858 -1.968 -0.215184692563 -0.512954041029 4.31200003624
-33.253 0.816 -1.804 -0.134216429084 -0.565061804808 4.37700009346
-33.245 0.787 -1.777 -0.129216920909 -0.617740090532 4.42800021172
-33.231 0.77 -1.689 -0.0727581764027 -0.612662844304 4.48400020599
-33.203 0.757 -1.682 -0.0635154355854 -0.568806781259 4.54600000381
-33.199 0.741 -1.738 -0.0915033320113 -0.542147281148 4.6210000515
-33.203 0.749 -1.736 -0.0870446036983 -0.522090558405 4.68099999428
-33.188 0.749 -1.781 -0.0990721725683 -0.464352821719 4.74000000954
-33.17 0.743 -1.654 -0.0400632328579 -0.480396333738 4.79400014877
-33.149 0.74 -1.491 0.0420873634734 -0.526314899904 4.85199999809
-33.148 0.749 -1.415 0.0786745483081 -0.500890970644 4.91000008583
-33.136 0.746 -1.318 0.126983558138 -0.491569484812 4.96400022507
-33.11 0.74 -1.23 0.190154527716 -0.536200729195 5.02500009537
-33.097 0.726 -1.221 0.200915440912 -0.550758518522 5.09400010109
-33.098 0.721 -1.265 0.167969618715 -0.532056732567 5.14100003242
-33.098 0.717 -1.331 0.128539015201 -0.525720130875 5.1970000267
-33.059 0.718 -1.165 0.19136243037 -0.445399185076 5.24500012398
-33.07 0.724 -1.171 0.1828329657 -0.432686306802 5.30000019073
-33.054 0.698 -1.111 0.210187799424 -0.424454499669 5.35700011253
-33.045 0.707 -1.049 0.227759351876 -0.396138011997 5.41600012779
-33.037 0.723 -0.895 0.355349733366 -0.443227416504 5.47600007057
-33.026 0.743 -0.762 0.494836437839 -0.472205306946 5.52500009537
-33.013 0.752 -0.678 0.552798626992 -0.445201264059 5.58600020409
-33.058 0.719 -0.839 0.448014174289 -0.498814597241 5.64200019836
-33.01 0.733 -0.723 0.593286397082 -0.523509783856 5.70100021362
-32.971 0.711 -0.715 0.617986430845 -0.536573028643 5.75300002098
-32.93 0.722 -0.622 0.732576207798 -0.525207809351 5.80599999428
-32.921 0.735 -0.543 0.704947866262 -0.425446561878 5.85500001907
-32.923 0.75 -0.43 0.621144471938 -0.284869913452 5.91200017929
-32.904 0.757 -0.361 0.60848629054 -0.229730932845 5.97100019455
-32.896 0.794 -0.374 0.576685398078 -0.226332922359 6.02800011635
-32.887 0.803 -0.287 0.52778363679 -0.155774574307 6.08800005913
-32.906 0.827 -0.269 0.459271152442 -0.126612715595 6.14500021935
-32.904 0.825 -0.262 0.456860279161 -0.122513580182 6.20100021362
-32.897 0.84 0.004 0.431005551933 0.00172403140257 6.25100016594
-32.907 0.855 0.084 0.335590545686 0.0282560954571 6.31100010872
-32.936 0.887 0.902 0.229036721036 0.289810996579 6.36400008202
-32.915 0.919 0.822 0.296619680628 0.319168738232 6.42200016975
-32.962 0.933 1.128 0.186806381033 0.393939132576 6.48000001907
-32.97 0.957 1.205 0.15505492904 0.404806226702 6.53900003433
-32.994 0.993 1.542 0.0125290186638 0.434970592675 6.59500002861
-33.012 1.021 1.568 0.00141100508754 0.504591027183 6.65600013733
-33.028 1.026 1.54 0.0154442260893 0.501337168486 6.70700001717
-33.041 1.05 1.55 0.0122495260347 0.588938622836 6.76300001144
-33.064 1.023 1.471 0.0594143049103 0.593377872352 6.8180000782
-33.06 1.029 1.462 0.0627053514526 0.574079575438 6.87900018692
-33.053 1.007 1.466 0.0588664563954 0.5596646798 6.94100022316
-33.039 0.957 1.32 0.143237191851 0.559104575899 7.00100016594
-33.017 0.988 1.372 0.111423382519 0.553087101123 7.06300020218
-33.017 1.014 1.374 0.114651853133 0.575050916645 7.12400007248
-33.024 1.033 1.52 0.0314780481305 0.619158343439 7.1740000248
-33.028 1.057 1.534 0.0230135576488 0.625148545026 7.22600007057
-33.036 1.05 1.565 0.0032011832333 0.552271722422 7.28299999237
-33.032 1.039 1.458 0.0569771776082 0.502989180468 7.34200000763
-33.03 1.067 1.541 0.0151626264696 0.508725087999 7.39900016785
-33.024 1.075 1.485 0.0430182213799 0.500168464474 7.46600008011
-33.023 1.06 1.46 0.0543692615633 0.488703957788 7.52600002289
-33.024 1.04 1.474 0.0477189746188 0.491442684326 7.57800006866
-33.02 1.04 1.567 0.00191596356793 0.504686363184 7.63300013542
-33.03 1.046 1.775 -0.0805108733861 0.388772007361 7.69600009918
-33.029 1.06 1.594 -0.0100412541914 0.432666497782 7.75200009346
-33.03 0.995 1.973 -0.114582441552 0.269356520829 7.80800008774
-33.022 1.02 1.865 -0.0903144653475 0.298070911962 7.875
-33.025 0.94 3.133 -0.0959864563736 0.000824798668341 7.92300009727
-33.022 0.869 -2.102 -0.107476238376 -0.182927365587 7.97300004959
-33.031 0.861 -2.258 -0.135137113312 -0.164671670711 8.02800011635
-33.053 0.83 -2.304 -0.209582758051 -0.232687831244 8.08900022507
-33.05 0.812 -2.174 -0.187410671906 -0.27206299506 8.14500021935
-33.048 0.799 -2.177 -0.190807561216 -0.275223191971 8.20399999619
-33.06 0.779 -2.189 -0.181114004275 -0.254659512823 8.25500011444
-33.079 0.838 -2.701 -0.247843599111 -0.116859430615 8.31300020218
-33.101 0.892 2.941 -0.244615765366 0.0497370181601 8.37400007248
-33.07 0.795 -2.465 -0.31420236654 -0.252317481736 8.42900013924
-33.095 0.853 3.094 -0.319511801365 0.0152179060425 8.48500013351
-33.118 0.889 2.76 -0.207493856185 0.0832591152395 8.54700016975
-33.126 0.875 2.636 -0.290789013127 0.160976895776 8.60500001907
-33.158 0.985 2.265 -0.319681440073 0.384034998293 8.66600012779
-33.159 0.962 2.182 -0.337240007759 0.48128189052 8.72500014305
-33.166 0.913 2.228 -0.402280582676 0.521336039233 8.78100013733
-33.18 0.904 2.245 -0.433159743472 0.542046433652 8.83900022507
-33.196 0.94 2.222 -0.407611966251 0.534849839728 8.89700007439
-33.166 0.967 2.021 -0.31167062877 0.644871866562 8.95900011063
-33.183 0.956 2.136 -0.382825323182 0.603613702716 9.0110001564
-33.203 0.954 2.264 -0.431417654516 0.519319580771 9.06700015068
-33.219 0.951 2.317 -0.383916898494 0.415256127319 9.13900017738
-33.223 0.965 2.307 -0.389524639515 0.429866729362 9.19400000572
-33.218 0.983 2.245 -0.339249367647 0.424529085685 9.24700021744
-33.208 0.993 2.261 -0.334790391314 0.40547302766 9.30599999428
-33.176 1.015 2.141 -0.261422521567 0.407672670756 9.3630001545
-33.162 0.988 2.206 -0.270607025882 0.36711635604 9.43099999428
-33.15 0.992 2.318 -0.384811073584 0.41538918528 9.48200011253
-33.163 1.002 2.348 -0.402262719443 0.40891001525 9.54000020027
-33.188 0.98 2.382 -0.425444025561 0.404034165312 9.59900021553
-33.223 1.004 2.463 -0.458317265394 0.369557876716 9.66100001335
-33.193 0.997 2.288 -0.355472691744 0.407590191737 9.72000002861
-33.218 0.941 2.437 -0.418170585279 0.355516017231 9.78000020981
-33.238 0.896 2.5 -0.509139585978 0.380338623132 9.84000015259
-33.241 0.891 2.479 -0.4781953346 0.37312032977 9.89800000191
-33.265 0.913 2.43 -0.510871764372 0.440525618033 9.95500016212
-33.295 0.943 2.451 -0.518671251383 0.428595145317 10.0140001774
-33.3 0.951 2.475 -0.502281937635 0.395156783095 10.0830001831
-33.325 0.967 2.512 -0.512738991302 0.373525750414 10.1360001564
-33.295 0.959 2.51 -0.428872938563 0.31374495256 10.1940000057
-33.292 0.952 2.627 -0.462930068562 0.261742466606 10.2570002079
-33.272 0.948 2.645 -0.435867990523 0.236190952067 10.3180000782
-33.301 0.962 2.605 -0.433523984314 0.257863267864 10.3760001659
-33.32 0.974 2.667 -0.416348193124 0.213901857503 10.4270000458
-33.286 0.978 3.053 -0.351478158836 0.0312201041829 10.4790000916
-33.139 0.894 -0.672 0.286368814047 -0.227810595104 10.5430002213
-33.124 0.876 -0.58 0.306075903469 -0.200531274879 10.5990002155
-33.076 0.867 -0.194 0.401553232139 -0.0788935653842 10.6579999924
-33.057 0.862 -0.28 0.40360964715 -0.116059699949 10.7150001526
-33.069 0.895 0.12 0.237334875635 0.0286176820012 10.7730000019
-33.149 0.952 1.986 -0.0820967594439 0.186231416965 10.8330001831
-33.148 0.968 1.931 -0.0703170886579 0.186698034386 10.8900001049
-33.058 0.956 0.485 0.212344989335 0.111902127685 10.9460000992
-32.957 0.957 0.193 0.473027267411 0.0924449504408 10.9970002174
-32.918 0.958 0.146 0.493094513804 0.0725077241759 11.0570001602
-32.897 0.948 0.097 0.477530616004 0.0464662950384 11.1260001659
-32.93 0.92 0.024 0.487652522359 0.0117059081573 11.1760001183
-32.957 0.914 0.179 0.468160384384 0.0847073499595 11.2350001335
-32.972 0.941 0.323 0.40957767664 0.137094735008 11.2940001488
-32.95 0.948 0.39 0.408154043933 0.167773725898 11.3470001221
-32.973 0.971 0.526 0.408369953012 0.237081770446 11.4000000954
-32.944 0.975 0.338 0.447921547789 0.157439141422 11.4580001831
-32.961 0.984 0.322 0.477720015061 0.159372421764 11.5170001984
-32.951 0.976 0.128 0.455451301414 0.058618250605 11.5640001297
-32.9 0.952 0.01 0.540012998225 0.00540030999378 11.623000145
-32.9 0.942 -0.087 0.580715330382 -0.0506500884458 11.6780002117
-32.91 0.918 -0.23 0.668000382622 -0.156407855639 11.737000227
-32.883 0.914 -0.305 0.624444492121 -0.196589629789 11.7890000343
-32.875 0.872 -0.569 0.529775250595 -0.338822325152 11.8410000801
-32.879 0.867 -0.649 0.389731293094 -0.295660949238 11.8920001984
-32.844 0.865 -0.277 0.484510588859 -0.137750746741 11.9560000896
