1.557 -1.54 0.422 0.520096982869 0.233509787706 0.0190000534058
1.569 -1.53 0.374 0.494432491007 0.194050952168 0.0710000991821
1.573 -1.529 0.328 0.487746241249 0.165976020908 0.128000020981
1.57 -1.533 0.264 0.523253685417 0.141440283465 0.184000015259
1.558 -1.538 0.179 0.545352992271 0.098674318265 0.241000175476
1.587 -1.541 0.161 0.627692985326 0.101940899847 0.297000169754
1.613 -1.54 0.112 0.67605351656 0.0760361927164 0.357000112534
1.617 -1.539 0.164 0.607001551985 0.100450445183 0.412000179291
1.626 -1.545 0.024 0.509235305026 0.0122239944177 0.47000002861
1.603 -1.568 -0.618 0.237852801735 -0.169088123789 0.529000043869
1.503 -1.599 -2.164 -0.150373645596 -0.223038285358 0.589000225067
1.439 -1.623 -2.401 -0.331797357358 -0.303321476249 0.644000053406
1.406 -1.633 -2.427 -0.340140983035 -0.295087958869 0.705000162125
1.347 -1.667 -2.483 -0.455765388428 -0.352695105915 0.764000177383
1.311 -1.667 -2.621 -0.516348009284 -0.296047634879 0.819000005722
1.303 -1.659 -2.497 -0.447005488624 -0.336017126595 0.881000041962
1.301 -1.667 -2.483 -0.494496687733 -0.382667411968 0.936000108719
1.281 -1.682 -2.409 -0.502758490824 -0.452280255984 0.992000102997
1.271 -1.699 -2.355 -0.456674429634 -0.457766721139 1.04400014877
1.248 -1.717 -2.342 -0.431912074029 -0.44435101731 1.09400010109
1.251 -1.645 -2.495 -0.392670331802 -0.296403972449 1.15799999237
1.23 -1.676 -2.474 -0.431906385267 -0.340490491507 1.21800017357
1.224 -1.705 -2.456 -0.494838560107 -0.404754868447 1.26900005341
1.212 -1.776 -2.348 -0.452162217423 -0.459634090572 1.32700014114
1.2 -1.68 -2.604 -0.607981964784 -0.362455736778 1.375
1.228 -1.814 -2.364 -0.434843388462 -0.428107480196 1.43200016022
1.252 -1.937 -2.372 -0.438853270803 -0.425195403676 1.49300003052
1.174 -1.811 -2.672 -0.707859021901 -0.359205573131 1.55400013924
1.141 -1.802 -2.644 -0.663092798035 -0.360179262582 1.60900020599
1.153 -1.839 -2.509 -0.588338200936 -0.431306727658 1.66100001335
1.163 -1.928 -2.288 -0.453697242664 -0.520215899627 1.71400022507
1.187 -2.023 -2.067 -0.311862607017 -0.576047660134 1.75900006294
1.23 -2.143 -1.902 -0.237850120039 -0.691685526986 1.81300020218
1.09 -1.864 -2.418 -0.652193896692 -0.576176990272 1.86100006104
1.172 -1.97 -1.993 -0.303794837866 -0.676274404264 1.92000007629
1.419 -2.167 -1.364 0.178948397995 -0.852965841684 1.98000001907
1.392 -2.108 -1.066 0.295700070034 -0.53515853926 2.03600001335
1.431 -2.132 -0.88 0.382809327551 -0.463070708787 2.09500002861
1.39 -2.039 -0.749 0.568942476931 -0.528963074462 2.14900016785
1.406 -2.049 -0.831 0.485339893823 -0.531753392869 2.20200014114
1.401 -2.06 -1.086 0.308925876456 -0.586505993777 2.25800013542
1.415 -2.111 -1.294 0.183022598405 -0.644244035783 2.31600022316
1.393 -2.039 -1.659 -0.0367947447189 -0.416074231316 2.37400007248
1.382 -2.039 -1.768 -0.0797722693992 -0.399259717272 2.42500019073
1.366 -2.014 -2.168 -0.137847905576 -0.202705731109 2.47699999809
1.364 -2.026 -2.15 -0.163312917219 -0.249702144615 2.53600001335
1.316 -1.961 3.071 -0.357691898584 0.0252924477297 2.58800005913
1.285 -1.951 2.973 -0.364016704145 0.0619586846834 2.63700008392
1.219 -1.868 2.518 -0.469091207813 0.337439204826 2.69600009918
1.19 -1.835 2.475 -0.455325583059 0.358215136123 2.7570002079
1.176 -1.823 2.467 -0.451109878141 0.360778208598 2.81300020218
1.163 -1.824 2.481 -0.389475683616 0.302644020249 2.86600017548
1.166 -1.815 2.478 -0.402854046331 0.31498258798 2.91300010681
1.135 -1.824 2.572 -0.414152444956 0.265220741168 2.96700000763
1.143 -1.797 2.402 -0.302601759515 0.276076550665 3.02600002289
1.151 -1.851 2.4 -0.343711746507 0.314844871329 3.08000016212
1.141 -1.85 2.333 -0.395188444872 0.413959587283 3.12900018692
1.131 -1.829 2.357 -0.425661532693 0.424976335399 3.17900013924
1.123 -1.837 2.362 -0.375976568664 0.371636246371 3.23100018501
1.12 -1.803 2.302 -0.40151106067 0.447571775009 3.28000020981
1.112 -1.778 2.292 -0.409277571423 0.465511474881 3.33800005913
1.115 -1.751 2.196 -0.383805153616 0.531737667602 3.38800001144
1.123 -1.724 2.025 -0.313367489784 0.641817415341 3.44500017166
1.129 -1.679 1.97 -0.287341422881 0.68113811041 3.5
1.164 -1.651 1.767 -0.145100216709 0.730024561324 3.5600001812
1.177 -1.64 1.67 -0.0714242358715 0.717612318382 3.61200022697
1.169 -1.673 1.561 0.00590726690536 0.60298906501 3.67000007629
1.17 -1.65 1.547 0.0151267538913 0.635556010917 3.72300004959
1.181 -1.61 1.471 0.0688078913815 0.687192760239 3.77700018883
1.187 -1.59 1.43 0.0960575455285 0.677730531969 3.83000016212
1.188 -1.571 1.411 0.0940584326313 0.583595871627 3.89100003242
1.191 -1.553 1.423 0.0785873322571 0.527849945944 3.94400000572
1.213 -1.529 1.349 0.106328885049 0.471511743341 4.0
1.242 -1.488 1.279 0.154698501217 0.515026252035 4.0490000248
1.257 -1.48 1.315 0.135178554433 0.516885018918 4.10700011253
1.271 -1.462 1.289 0.164317010133 0.567588602076 4.15600013733
1.282 -1.446 1.263 0.171905449368 0.540754202682 4.21200013161
1.282 -1.451 1.365 0.102366481563 0.490374343209 4.26400017738
1.279 -1.446 1.355 0.120276352064 0.548681805088 4.31200003624
1.285 -1.429 1.328 0.124122938927 0.501137241115 4.37700009346
1.302 -1.399 1.329 0.136535360309 0.553623229197 4.42800021172
1.301 -1.373 1.442 0.0770553286725 0.594960907307 4.48400020599
1.303 -1.355 1.498 0.0438048401771 0.600681879788 4.54600000381
1.311 -1.341 1.471 0.0471032309265 0.470425682675 4.6210000515
1.344 -1.346 1.373 0.0822367017892 0.41032832101 4.68099999428
1.354 -1.345 1.304 0.0977312076405 0.357580949533 4.74000000954
1.359 -1.332 1.275 0.0992408741675 0.325661494045 4.79400014877
1.38 -1.354 1.094 0.162529595354 0.314647122439 4.85199999809
1.386 -1.334 1.109 0.174315262351 0.35025005669 4.91000008583
1.387 -1.33 1.072 0.1739971087 0.319412772231 4.96400022507
1.397 -1.308 1.125 0.170896381257 0.357612858654 5.02500009537
1.395 -1.316 1.189 0.143897605404 0.35840258883 5.09400010109
1.396 -1.296 1.129 0.185004380289 0.391148919096 5.14100003242
1.386 -1.326 1.125 0.184061493844 0.385161795104 5.1970000267
1.356 -1.292 1.298 0.143078363297 0.511412440655 5.24500012398
1.344 -1.272 1.388 0.10719185945 0.57985448891 5.30000019073
1.318 -1.22 1.55 0.0128197825975 0.616355693001 5.35700011253
1.315 -1.197 1.493 0.0465574379402 0.597245087231 5.41600012779
1.295 -1.21 1.497 0.0388202795568 0.52509095257 5.47600007057
1.312 -1.191 1.512 0.0315634893755 0.536208823974 5.52500009537
1.291 -1.199 1.602 -0.0140363169353 0.449682989906 5.58600020409
1.261 -1.176 1.677 -0.0544282479879 0.510561040363 5.64200019836
1.235 -1.171 1.828 -0.129712280337 0.49314718956 5.70100021362
1.254 -1.173 1.713 -0.0672463327773 0.469695588603 5.75300002098
1.262 -1.177 1.604 -0.016428482681 0.494597231954 5.80599999428
1.25 -1.154 1.56 0.00514413385592 0.476452230855 5.85500001907
1.233 -1.134 1.563 0.00381687920893 0.489564121106 5.91200017929
1.243 -1.117 1.533 0.0193808939968 0.51252769309 5.97100019455
1.256 -1.119 1.528 0.0239965767241 0.560373438945 6.02800011635
1.259 -1.109 1.513 0.0344687376785 0.595718639416 6.08800005913
1.267 -1.089 1.538 0.0197861824953 0.603088513861 6.14500021935
1.269 -1.072 1.474 0.0648047902352 0.667404115968 6.20100021362
1.277 -1.065 1.422 0.0946650098654 0.631503073934 6.25100016594
1.275 -1.141 1.491 0.0341543783121 0.427110579497 6.31100010872
1.276 -1.122 1.478 0.0448596467539 0.482032099884 6.36400008202
1.288 -1.076 1.361 0.104441281637 0.490496939582 6.42200016975
1.304 -1.033 1.349 0.127216644473 0.56413778617 6.48000001907
1.319 -1.005 1.272 0.165323241178 0.536732596938 6.53900003433
1.394 -1.087 0.653 0.343812548971 0.262999053859 6.59500002861
1.452 -1.097 0.402 0.364270876249 0.154870755771 6.65600013733
1.469 -1.081 0.516 0.430397792674 0.244148583935 6.70700001717
1.501 -1.055 0.534 0.560311414307 0.331313741177 6.76300001144
1.512 -1.052 0.517 0.551223402002 0.313417450538 6.8180000782
1.535 -1.039 0.488 0.530829897227 0.281776121364 6.87900018692
1.556 -1.019 0.64 0.45270284575 0.337057107105 6.94100022316
1.616 -1.011 0.45 0.61461277597 0.296891814825 7.00100016594
1.538 -1.036 0.371 0.454230550055 0.176702064211 7.06300020218
1.558 -1.01 0.541 0.451169550974 0.2710580439 7.12400007248
1.558 -0.992 0.563 0.429032616279 0.270778195328 7.1740000248
1.483 -1.015 0.703 0.307191768347 0.26032343932 7.22600007057
1.442 -1.071 0.786 0.313673828919 0.314051617114 7.28299999237
1.455 -1.071 0.651 0.471751991107 0.359372888029 7.34200000763
1.484 -1.031 0.748 0.550197786912 0.510510732265 7.39900016785
1.521 -0.995 0.769 0.555596322405 0.53766720143 7.46600008011
1.547 -0.979 0.678 0.606008207111 0.488054070076 7.52600002289
1.504 -1.103 -0.592 0.118730716593 -0.0798411997546 7.57800006866
1.52 -1.1 0.027 0.178235013598 0.00481351510817 7.63300013542
1.494 -1.121 0.673 0.0578529542527 0.0461174143815 7.69600009918
1.5 -1.111 1.18 0.0698677075861 0.169587536372 7.75200009346
1.5 -1.068 1.313 0.0736872716801 0.279474890944 7.80800008774
1.506 -1.041 1.151 0.151099676746 0.33853933173 7.875
1.517 -1.012 1.201 0.17100090165 0.441145942151 7.92300009727
1.52 -0.997 1.104 0.242211193849 0.480632965339 7.97300004959
1.452 -1.08 1.477 0.0280608484185 0.298290032075 8.02800011635
1.451 -1.059 1.477 0.0368305016003 0.391512449652 8.08900022507
1.439 -1.071 1.464 0.0437825062086 0.408402869969 8.14500021935
1.44 -1.045 1.503 0.0370637080038 0.545854126915 8.20399999619
1.41 -1.046 1.557 0.00781160491822 0.566173113418 8.25500011444
1.403 -1.01 1.554 0.0099165049641 0.590341717613 8.31300020218
1.481 -0.994 1.191 0.199509058576 0.499801518651 8.37400007248
1.533 -0.992 1.219 0.21045819072 0.573353212287 8.42900013924
1.544 -0.994 1.199 0.214756474531 0.550754832374 8.48500013351
1.508 -1.008 1.265 0.134560300459 0.426230138184 8.54700016975
1.513 -0.992 1.234 0.132388287875 0.378104900494 8.60500001907
1.443 -1.078 1.361 0.00774896400775 0.0363921532862 8.66600012779
1.546 -0.934 1.341 0.0912720401842 0.390170616906 8.72500014305
1.529 -0.97 1.274 0.098310963323 0.321456787464 8.78100013733
1.529 -0.983 1.1 0.103701598876 0.203748717865 8.83900022507
1.524 -0.977 1.25 0.0917789880882 0.276215259248 8.89700007439
1.515 -0.991 1.687 -0.0221525208353 0.189776447552 8.95900011063
1.518 -0.97 1.428 0.0430177878789 0.29920237928 9.0110001564
1.515 -0.941 1.513 0.0209462067855 0.362010524539 9.06700015068
1.538 -0.926 1.501 0.026275606804 0.375849657145 9.13900017738
1.541 -0.904 1.413 0.0491929240933 0.309157695082 9.19400000572
1.531 -0.899 1.429 0.0525257205753 0.367944770724 9.24700021744
1.534 -0.875 1.387 0.0729154155793 0.392241279944 9.30599999428
1.562 -0.882 1.189 0.16368911031 0.407696853147 9.3630001545
1.604 -0.881 1.079 0.204035367293 0.380877776051 9.43099999428
1.64 -0.9 0.885 0.314003300233 0.383729494154 9.48200011253
1.668 -0.879 0.833 0.330383833867 0.363435895641 9.54000020027
1.739 -0.862 0.786 0.43344779357 0.433969837313 9.59900021553
1.766 -0.876 0.749 0.392803063637 0.365200920347 9.66100001335
1.718 -0.947 0.899 0.141239017522 0.17761844209 9.72000002861
1.616 -0.967 3.066 -0.152889134216 0.0115793595495 9.78000020981
1.605 -0.954 2.464 -0.135587137362 0.109105276399 9.84000015259
1.595 -0.937 2.141 -0.133173304593 0.207675744353 9.89800000191
1.573 -0.898 1.94 -0.169843016673 0.438930593274 9.95500016212
1.546 -0.871 2.029 -0.251094814969 0.509099653911 10.0140001774
1.528 -0.824 2.027 -0.286927994036 0.584696955066 10.0830001831
1.526 -0.791 1.99 -0.294543067468 0.660976964321 10.1360001564
1.534 -0.766 1.893 -0.232270566045 0.69576066517 10.1940000057
1.543 -0.766 1.9 -0.223345243847 0.653753308179 10.2570002079
1.526 -0.749 2.022 -0.271590106424 0.560510674958 10.3180000782
1.516 -0.833 2.328 -0.26268737321 0.277933956178 10.3760001659
1.477 -0.832 2.175 -0.232823280444 0.337265787491 10.4270000458
1.461 -0.812 2.239 -0.199448647152 0.252679498714 10.4790000916
1.444 -0.786 2.064 -0.154463592827 0.287368602133 10.5430002213
1.462 -0.815 2.035 -0.0905660918502 0.180880660591 10.5990002155
1.448 -0.812 2.18 -0.138275078832 0.198177298839 10.6579999924
1.511 -0.858 1.814 -0.0241068512761 0.0971600275708 10.7150001526
1.509 -0.854 1.664 -0.00643961568928 0.068891684649 10.7730000019
1.702 -1.004 -0.871 0.172162253239 -0.204482739635 10.8330001831
1.783 -1.069 -0.98 0.24416526315 -0.364040217381 10.8900001049
1.8 -1.087 -0.946 0.261648312615 -0.362808455114 10.9460000992
1.83 -1.105 -1.121 0.200113691864 -0.414482350617 10.9970002174
1.89 -1.163 -1.016 0.323815116014 -0.522515062142 11.0570001602
1.919 -1.196 -1.039 0.304791516018 -0.51805991403 11.1260001659
1.887 -1.243 -1.163 0.225312761603 -0.521540717586 11.1760001183
1.884 -1.265 -1.219 0.196516983992 -0.535373052743 11.2350001335
1.947 -1.291 -1.061 0.273989261216 -0.490061709231 11.2940001488
1.948 -1.326 -1.098 0.232070002039 -0.453714753776 11.3470001221
1.947 -1.345 -1.004 0.294996406659 -0.463497105686 11.4000000954
1.923 -1.322 -0.995 0.270026605942 -0.415952313949 11.4580001831
1.893 -1.314 -1.013 0.303434096237 -0.486363078642 11.5170001984
1.878 -1.353 -1.155 0.26679748191 -0.604243110987 11.5640001297
1.882 -1.375 -1.09 0.313461482019 -0.600934443568 11.623000145
1.813 -1.398 -1.646 -0.041382398415 -0.549233212034 11.6780002117
1.724 -1.493 -2.092 -0.46279429179 -0.806035464044 11.737000227
1.685 -1.521 -1.996 -0.402347534045 -0.888520653095 11.7890000343
1.67 -1.562 -1.906 -0.318264672573 -0.913636116559 11.8410000801
1.654 -1.597 -1.887 -0.295593328072 -0.903453829457 11.8920001984
1.625 -1.644 -1.899 -0.297731564514 -0.87434635208 11.9560000896
