16.2 -13.753 1.455 0.085831584853 0.737912948515 0.0190000534058
16.214 -13.788 1.313 0.163894814306 0.621606477077 0.0710000991821
16.233 -13.782 1.296 0.162063246251 0.574837619446 0.128000020981
16.216 -13.802 1.406 0.0752420200054 0.452435126429 0.184000015259
16.208 -13.773 1.434 0.0608925115993 0.442352556913 0.241000175476
16.121 -13.823 1.753 -0.0801187006191 0.434843779282 0.297000169754
16.128 -13.799 1.621 -0.027754533519 0.552374163869 0.357000112534
16.12 -13.799 1.709 -0.0768021298154 0.552174368253 0.412000179291
16.119 -13.799 1.7 -0.0626189396056 0.481953064539 0.47000002861
16.116 -13.781 1.789 -0.0911763291718 0.411196837117 0.529000043869
16.114 -13.818 1.729 -0.0642065008445 0.402455528319 0.589000225067
16.126 -13.797 1.533 0.019531778799 0.516517841305 0.644000053406
16.145 -13.792 1.446 0.0655582493566 0.522591968256 0.705000162125
16.147 -13.775 1.331 0.123106093222 0.503499667699 0.764000177383
16.143 -13.784 1.497 0.0303781936699 0.410901591477 0.819000005722
16.16 -13.777 1.266 0.129709044892 0.412299110494 0.881000041962
16.136 -13.789 1.388 0.059803808242 0.323508770545 0.936000108719
16.172 -13.78 0.969 0.235496317297 0.342900634207 0.992000102997
16.17 -13.79 0.993 0.27818004989 0.426641210203 1.04400014877
16.171 -13.806 0.994 0.30204222921 0.464252392191 1.09400010109
16.201 -13.768 0.963 0.338290706251 0.486298771277 1.15799999237
16.235 -13.758 0.99 0.340485652155 0.518790068839 1.21800017357
16.212 -13.787 0.952 0.280740285942 0.394246425438 1.26900005341
16.234 -13.782 0.921 0.286388834825 0.376885399676 1.32700014114
16.243 -13.778 0.908 0.287523455774 0.368338681601 1.375
16.258 -13.748 0.959 0.276900266006 0.394671936025 1.43200016022
16.282 -13.749 0.891 0.345292663389 0.427170813242 1.49300003052
16.285 -13.764 0.899 0.348618492693 0.438413369354 1.55400013924
16.296 -13.763 0.957 0.296987673105 0.421507406696 1.60900020599
16.143 -13.796 1.013 0.253597763315 0.40648229857 1.66100001335
16.144 -13.778 1.107 0.230605386931 0.461039349226 1.71400022507
16.136 -13.777 1.039 0.299448388683 0.508978099273 1.75900006294
16.143 -13.759 1.032 0.31830922573 0.532472541204 1.81300020218
16.16 -13.774 1.023 0.294022268403 0.481942670122 1.86100006104
16.17 -13.755 1.063 0.272628827021 0.489926255274 1.92000007629
16.183 -13.753 1.042 0.319987704843 0.547641649097 1.98000001907
16.194 -13.728 1.061 0.307625113518 0.550223349135 2.03600001335
16.137 -13.804 1.019 0.276415850852 0.449033551822 2.09500002861
16.143 -13.807 1.011 0.289057797097 0.46126304983 2.14900016785
16.15 -13.804 1.007 0.265109376079 0.419310522925 2.20200014114
16.171 -13.78 0.971 0.326164011917 0.476961040434 2.25800013542
16.188 -13.784 0.924 0.370135929343 0.490141384718 2.31600022316
16.184 -13.787 0.999 0.316703154928 0.492152753891 2.37400007248
16.204 -13.768 0.952 0.340089203162 0.47759071067 2.42500019073
16.217 -13.756 0.914 0.397572463543 0.515668718004 2.47699999809
16.255 -13.759 0.818 0.396641608178 0.423385472928 2.53600001335
16.274 -13.793 0.788 0.375268479817 0.377226352833 2.58800005913
16.275 -13.798 0.746 0.388331541473 0.358877631215 2.63700008392
16.296 -13.787 0.747 0.37651159949 0.348652920622 2.69600009918
16.294 -13.812 0.716 0.281828332187 0.245195048682 2.7570002079
16.278 -13.832 0.527 0.18631709459 0.108416832127 2.81300020218
16.277 -13.854 0.07 0.228038163556 0.0159887950157 2.86600017548
16.288 -13.84 0.185 0.214458997035 0.0401338225782 2.91300010681
16.288 -13.845 0.224 0.209486243647 0.0477258319836 2.96700000763
16.268 -13.879 0.082 0.225742920154 0.0185525204871 3.02600002289
16.245 -13.963 -1.119 0.123734853861 -0.254980159677 3.08000016212
16.251 -13.974 -1.015 0.131203775998 -0.211241178289 3.12900018692
16.258 -13.966 -0.772 0.171928962087 -0.167382539104 3.17900013924
16.203 -14.075 -1.641 -0.0337005331144 -0.4792505633 3.23100018501
16.17 -14.138 -1.669 -0.066111176445 -0.671039208462 3.28000020981
16.154 -14.204 -1.722 -0.116725693932 -0.766084471747 3.33800005913
16.14 -14.269 -1.763 -0.152521685042 -0.78374609485 3.38800001144
16.134 -14.3 -1.805 -0.18279708686 -0.766181740602 3.44500017166
16.102 -14.315 -1.853 -0.208827052154 -0.720237996838 3.5
16.148 -14.282 -1.623 -0.0321933166654 -0.616126504422 3.5600001812
16.15 -14.321 -1.607 -0.0213384531418 -0.589142692612 3.61200022697
16.158 -14.36 -1.543 0.0168956003202 -0.607679167066 3.67000007629
16.152 -14.389 -1.584 -0.00778914864323 -0.589888576566 3.72300004959
16.132 -14.44 -1.68 -0.069472406361 -0.633641904766 3.77700018883
16.203 -14.376 -1.294 0.143710576084 -0.505864752919 3.83000016212
16.201 -14.436 -1.524 0.0293225897556 -0.62614278002 3.89100003242
16.176 -14.471 -1.582 -0.00759741037487 -0.678089440103 3.94400000572
16.164 -14.503 -1.57 0.000555442658697 -0.697505778843 4.0
16.124 -14.542 -1.695 -0.0866785721027 -0.694282170823 4.0490000248
16.102 -14.597 -1.73 -0.12262862433 -0.763743866208 4.10700011253
16.071 -14.64 -1.818 -0.189402389248 -0.750508566552 4.15600013733
16.049 -14.671 -1.844 -0.201632046318 -0.719574083745 4.21200013161
16.046 -14.72 -1.767 -0.148427186565 -0.746763128394 4.26400017738
16.019 -14.755 -1.828 -0.201103498171 -0.764566197401 4.31200003624
15.983 -14.82 -1.921 -0.280824967828 -0.768837232973 4.37700009346
15.95 -14.889 -1.958 -0.335539277416 -0.822824008031 4.42800021172
16.006 -14.513 -1.19 0.248644542801 -0.621089051148 4.48400020599
16.025 -14.551 -1.162 0.254672391439 -0.587885185532 4.54600000381
16.043 -14.59 -1.091 0.275345356933 -0.529152110864 4.6210000515
16.102 -14.552 -0.944 0.313524940449 -0.432914323114 4.68099999428
16.095 -14.572 -1.165 0.203230605392 -0.473022556461 4.74000000954
16.062 -14.588 -1.471 0.0387554685314 -0.387055566734 4.79400014877
16.058 -14.595 -1.806 -0.08224904415 -0.343220521794 4.85199999809
16.022 -14.622 -2.028 -0.193315719625 -0.392941419229 4.91000008583
16.016 -14.635 -2.121 -0.228955016712 -0.37326448618 4.96400022507
15.998 -14.657 -2.22 -0.261701005305 -0.344820447883 5.02500009537
15.999 -14.626 -2.311 -0.184510807866 -0.201990437174 5.09400010109
16.004 -14.613 -2.533 -0.229307708372 -0.159787596522 5.14100003242
15.99 -14.543 2.57 -0.196969993849 0.126694612068 5.1970000267
16.048 -14.453 1.387 0.0889015357396 0.478237035207 5.24500012398
16.043 -14.433 1.428 0.0666775071721 0.463763242465 5.30000019073
16.096 -14.426 1.029 0.206172376144 0.342550707801 5.35700011253
16.126 -14.41 0.86 0.242468598481 0.281640820862 5.41600012779
16.139 -14.402 0.781 0.26354113985 0.261233082192 5.47600007057
16.163 -14.389 0.706 0.329990903499 0.281349353667 5.52500009537
16.181 -14.374 0.774 0.262989100056 0.257061224763 5.58600020409
16.174 -14.383 0.858 0.227851210577 0.263593846519 5.64200019836
16.199 -14.379 0.783 0.265784595318 0.26451285295 5.70100021362
16.19 -14.369 1.0 0.182854509375 0.284779025389 5.75300002098
16.175 -14.358 1.174 0.116245751891 0.277421614932 5.80599999428
16.261 -14.323 0.663 0.324478714193 0.253392943557 5.85500001907
16.377 -14.322 0.36 0.342239686379 0.128819993898 5.91200017929
16.396 -14.315 0.474 0.427772040568 0.219450601714 5.97100019455
16.402 -14.308 0.554 0.448789865837 0.277631448238 6.02800011635
16.411 -14.286 0.678 0.399164531514 0.321470686287 6.08800005913
16.431 -14.265 0.63 0.456201018808 0.332622882308 6.14500021935
16.443 -14.237 0.656 0.485393068707 0.373614500271 6.20100021362
16.447 -14.217 0.777 0.46855479016 0.460750151925 6.25100016594
16.456 -14.218 0.786 0.410007888483 0.410501701246 6.31100010872
16.487 -14.206 0.678 0.492507935889 0.396645622674 6.36400008202
16.491 -14.199 0.714 0.416318409965 0.36074317275 6.42200016975
16.403 -14.192 1.195 0.16234470781 0.411471592514 6.48000001907
16.265 -14.159 2.091 -0.299209353027 0.522333238944 6.53900003433
16.464 -14.221 0.781 0.326662465421 0.323801599732 6.59500002861
16.472 -14.203 0.77 0.365502680112 0.35441637269 6.65600013733
16.463 -14.201 0.92 0.264053985115 0.346772513312 6.70700001717
16.489 -14.197 0.839 0.281992097707 0.313967241921 6.76300001144
16.465 -14.205 0.974 0.19269588438 0.283608213963 6.8180000782
16.473 -14.207 0.895 0.242132078637 0.30201113323 6.87900018692
16.496 -14.224 0.661 0.264621849465 0.205798660758 6.94100022316
16.488 -14.231 0.932 0.219964582154 0.296178959539 7.00100016594
16.164 -14.278 2.298 -0.428581791464 0.48160980229 7.06300020218
16.13 -14.262 2.386 -0.425050757663 0.400439316715 7.12400007248
16.049 -14.3 2.818 -0.608338348789 0.204025348897 7.1740000248
15.841 -14.379 -2.762 -0.860107442632 -0.343131665407 7.22600007057
15.783 -14.412 -2.652 -0.815795933715 -0.434709118671 7.28299999237
15.759 -14.44 -2.621 -0.727842686729 -0.417307904932 7.34200000763
15.723 -14.469 -2.56 -0.697520265542 -0.458582690889 7.39900016785
15.675 -14.501 -2.482 -0.629829129702 -0.48840251785 7.46600008011
15.632 -14.53 -2.552 -0.638460285637 -0.427108124326 7.52600002289
15.658 -14.545 -2.519 -0.620007561138 -0.445060222681 7.57800006866
15.669 -14.565 -2.513 -0.526196312666 -0.382524425982 7.63300013542
15.677 -14.577 -2.424 -0.440735946299 -0.384682122861 7.69600009918
15.651 -14.615 -2.386 -0.426059578936 -0.401389724858 7.75200009346
15.616 -14.66 -2.45 -0.493067388435 -0.408268262895 7.80800008774
15.582 -14.695 -2.439 -0.529702896443 -0.448515387015 7.875
15.559 -14.716 -2.452 -0.53099696946 -0.437887454199 7.92300009727
15.535 -14.733 -2.431 -0.494123425628 -0.425222702177 7.97300004959
15.482 -14.688 -2.619 -0.610775745501 -0.351812663251 8.02800011635
15.479 -14.712 -2.616 -0.612136175382 -0.355046229791 8.08900022507
15.475 -14.733 -2.624 -0.59560574905 -0.339119857312 8.14500021935
15.503 -14.672 -2.84 -0.480374246073 -0.149435860057 8.20399999619
15.489 -14.675 -2.746 -0.378545412356 -0.158083467725 8.25500011444
15.498 -14.716 -2.68 -0.413245269016 -0.205562221814 8.31300020218
15.473 -14.716 -2.682 -0.385007470416 -0.190556187986 8.37400007248
15.439 -14.734 -2.614 -0.443300087291 -0.258305541876 8.42900013924
15.427 -14.742 -2.724 -0.491019002155 -0.217859339766 8.48500013351
15.461 -14.69 2.759 -0.411905226054 0.165759768335 8.54700016975
15.439 -14.706 2.989 -0.608185000438 0.0935316388565 8.60500001907
15.402 -14.732 3.108 -0.726164081386 0.024402958432 8.66600012779
15.363 -14.755 -3.101 -0.80556585301 -0.0327180281139 8.72500014305
15.325 -14.764 -3.081 -0.780268439565 -0.0473364809348 8.78100013733
15.28 -14.769 -3.135 -0.766533341748 -0.00505356200184 8.83900022507
15.434 -14.597 1.54 0.00987485171921 0.320548933401 8.89700007439
15.487 -14.561 1.263 0.163738879408 0.51506504016 8.95900011063
15.495 -14.526 1.298 0.126008377677 0.450398302621 9.0110001564
15.482 -14.49 1.672 -0.0526639262425 0.518597831752 9.06700015068
15.479 -14.441 1.92 -0.199420555575 0.547668605756 9.13900017738
15.48 -14.391 1.964 -0.228189321464 0.550112469786 9.19400000572
15.461 -14.371 1.957 -0.195521524772 0.480841047208 9.24700021744
15.47 -14.311 1.935 -0.200298166094 0.52542773564 9.30599999428
15.474 -14.262 1.939 -0.229878614707 0.595852216128 9.3630001545
15.487 -14.213 1.922 -0.226443870826 0.618035214801 9.43099999428
15.502 -14.203 1.964 -0.239595684026 0.577610611416 9.48200011253
15.488 -14.168 1.969 -0.26550184284 0.631129329733 9.54000020027
15.479 -14.133 2.078 -0.33443913905 0.601841346831 9.59900021553
15.485 -14.101 1.919 -0.238138532714 0.656039594089 9.66100001335
15.505 -14.079 1.887 -0.191268813666 0.584595543105 9.72000002861
15.52 -14.069 1.835 -0.147461166867 0.545086998586 9.78000020981
15.519 -14.069 1.947 -0.212110999825 0.536966208171 9.84000015259
15.511 -14.046 1.914 -0.191044018134 0.53461986549 9.89800000191
15.562 -14.07 1.727 -0.093503174535 0.593721345307 9.95500016212
15.578 -14.035 1.759 -0.12352714547 0.648580435608 10.0140001774
15.59 -14.014 1.76 -0.113971367063 0.595168819562 10.0830001831
15.603 -13.998 1.819 -0.141804098332 0.559540946309 10.1360001564
15.607 -13.988 1.826 -0.148814343257 0.570405279819 10.1940000057
15.606 -13.97 1.828 -0.149677329893 0.569051398878 10.2570002079
15.608 -13.998 1.756 -0.106587440511 0.568919497512 10.3180000782
15.609 -13.997 1.724 -0.0950398368224 0.61548850071 10.3760001659
15.627 -13.991 1.562 0.00497013323036 0.565009140401 10.4270000458
15.627 -13.961 1.619 -0.0323369586978 0.670320468957 10.4790000916
15.639 -13.931 1.615 -0.027574728876 0.623404448591 10.5430002213
15.647 -13.897 1.636 -0.0410517539091 0.628700163052 10.5990002155
15.642 -13.905 1.788 -0.127790977224 0.579064844507 10.6579999924
15.644 -13.907 1.766 -0.109407492235 0.553341590303 10.7150001526
15.654 -13.885 1.764 -0.112804043416 0.576577898354 10.7730000019
15.653 -13.903 1.828 -0.141976568672 0.539774226788 10.8330001831
15.637 -13.873 1.878 -0.168825590274 0.532158194229 10.8900001049
15.643 -13.861 1.847 -0.143054868034 0.504694297234 10.9460000992
15.647 -13.862 1.768 -0.0952701719206 0.476826623987 10.9970002174
15.668 -13.846 1.603 -0.0188162840732 0.584087997081 11.0570001602
15.673 -13.813 1.583 -0.00678722167585 0.556134584968 11.1260001659
15.68 -13.793 1.407 0.0999144220493 0.604526848246 11.1760001183
15.655 -13.823 1.513 0.0270701314292 0.467849505085 11.2350001335
15.735 -13.754 1.087 0.250677743965 0.477076411235 11.2940001488
15.73 -13.755 1.122 0.23647185772 0.491042167977 11.3470001221
15.74 -13.725 1.173 0.200955809956 0.47824070818 11.4000000954
15.755 -13.732 1.025 0.307673024819 0.506594228386 11.4580001831
15.768 -13.763 0.899 0.328013550557 0.412501140667 11.5170001984
15.768 -13.793 1.132 0.188093473841 0.400786492461 11.5640001297
15.784 -13.769 0.981 0.24546244573 0.366766558815 11.623000145
15.704 -13.977 -1.123 0.0985289716794 -0.205123366148 11.6780002117
15.711 -13.99 -1.293 0.0540156642223 -0.189415699211 11.737000227
15.723 -14.004 -1.058 0.159596833652 -0.283457739512 11.7890000343
15.727 -14.029 -1.055 0.179663626234 -0.316870726842 11.8410000801
15.739 -14.074 -1.11 0.236801822772 -0.476998960867 11.8920001984
15.77 -14.116 -1.088 0.264096703607 -0.50383762792 11.9560000896
