18.734 -9.921 0.806 0.452336347684 0.471369068536 0.0190000534058
18.733 -9.915 0.836 0.426520018032 0.472026994681 0.0710000991821
18.747 -9.905 0.805 0.368130784035 0.382853337755 0.128000020981
18.748 -9.905 0.746 0.318106564636 0.293979031313 0.184000015259
18.755 -9.902 0.779 0.286862558405 0.283215058888 0.241000175476
18.764 -9.91 0.837 0.250758787715 0.278071656642 0.297000169754
18.758 -9.924 0.983 0.195581665689 0.293503656958 0.357000112534
18.718 -9.94 1.433 0.0430346843031 0.310327288771 0.412000179291
18.625 -9.922 2.005 -0.193171983784 0.416571452985 0.47000002861
18.533 -9.909 2.386 -0.462826237649 0.436027507352 0.529000043869
18.48 -9.884 2.498 -0.559467182786 0.419680418068 0.589000225067
18.431 -9.865 2.545 -0.645361286632 0.438294724007 0.644000053406
18.385 -9.849 2.567 -0.670344917907 0.434026367409 0.705000162125
18.35 -9.827 2.547 -0.635886017266 0.430003784503 0.764000177383
18.338 -9.81 2.476 -0.536718768095 0.421380802688 0.819000005722
18.296 -9.798 2.467 -0.546978361144 0.437449683188 0.881000041962
18.28 -9.791 2.549 -0.592057344834 0.398642355958 0.936000108719
18.259 -9.778 2.526 -0.602955791701 0.426456288417 0.992000102997
18.248 -9.774 2.491 -0.575025891745 0.43767519299 1.04400014877
18.256 -9.778 2.523 -0.522959474376 0.372235501563 1.09400010109
18.303 -9.816 2.642 -0.478785646392 0.261308608953 1.15799999237
18.315 -9.839 2.83 -0.50691823266 0.163270494473 1.21800017357
18.326 -9.851 2.916 -0.473662199712 0.108705074121 1.26900005341
18.316 -9.852 2.991 -0.535966673471 0.0813283673275 1.32700014114
18.309 -9.871 2.99 -0.539392388034 0.0824000863499 1.375
18.301 -9.899 -3.008 -0.538140929527 -0.0723224336469 1.43200016022
18.297 -9.954 -2.763 -0.594838686715 -0.236615989255 1.49300003052
18.278 -10.023 -2.531 -0.584028398966 -0.408703882734 1.55400013924
18.257 -10.089 -2.44 -0.584103997518 -0.493576406491 1.60900020599
18.235 -10.154 -2.412 -0.649585360707 -0.580848976223 1.66100001335
18.209 -10.193 -2.376 -0.625245486961 -0.600956750616 1.71400022507
18.181 -10.207 -2.359 -0.590294313222 -0.586991417891 1.75900006294
18.174 -10.226 -2.316 -0.552874504812 -0.599206778782 1.81300020218
18.168 -10.242 -2.323 -0.506149868135 -0.540919576084 1.86100006104
18.178 -10.233 -2.278 -0.425094598971 -0.497373929769 1.92000007629
18.189 -10.235 -2.277 -0.42518755716 -0.498491131802 1.98000001907
18.169 -10.241 -2.24 -0.403066929811 -0.509592801689 2.03600001335
18.158 -10.257 -2.241 -0.435881483422 -0.5499486822 2.09500002861
18.173 -10.264 -2.253 -0.451103637929 -0.555332551849 2.14900016785
18.163 -10.279 -2.269 -0.436412437904 -0.520020077193 2.20200014114
18.17 -10.281 -2.283 -0.434192212692 -0.502905343068 2.25800013542
18.16 -10.28 -2.26 -0.38485540122 -0.467058537033 2.31600022316
18.146 -10.293 -2.211 -0.358232484842 -0.480939061046 2.37400007248
18.138 -10.288 -2.323 -0.354066726916 -0.378389160773 2.42500019073
18.123 -10.279 -2.298 -0.36666985988 -0.41203756725 2.47699999809
18.114 -10.268 -2.405 -0.408399017845 -0.370361030013 2.53600001335
18.111 -10.265 -2.406 -0.437155686004 -0.395643373602 2.58800005913
18.105 -10.273 -2.264 -0.385038691094 -0.463490841291 2.63700008392
18.089 -10.29 -2.34 -0.392022968611 -0.404930349698 2.69600009918
18.076 -10.305 -2.369 -0.384544672805 -0.374820088353 2.7570002079
18.087 -10.317 -2.482 -0.340589524731 -0.264110968495 2.81300020218
18.1 -10.337 -2.466 -0.30001830225 -0.240433995192 2.86600017548
18.103 -10.319 -2.602 -0.340524829091 -0.203932163163 2.91300010681
18.107 -10.33 -2.712 -0.34574149757 -0.158393892139 2.96700000763
18.096 -10.316 -2.554 -0.334022140122 -0.222483689589 3.02600002289
18.093 -10.317 -2.56 -0.417870427144 -0.274727709558 3.08000016212
18.093 -10.284 -2.451 -0.409836163358 -0.338661125949 3.12900018692
18.094 -10.292 -2.379 -0.391075392983 -0.373632808576 3.17900013924
18.058 -10.314 -2.379 -0.450266225725 -0.430183636053 3.23100018501
18.023 -10.327 -2.253 -0.435661309174 -0.536322224481 3.28000020981
18.016 -10.34 -2.264 -0.424890860187 -0.511462943336 3.33800005913
18.02 -10.361 -2.318 -0.405020043093 -0.437204013273 3.38800001144
18.015 -10.372 -2.374 -0.411758441722 -0.397350324977 3.44500017166
18.021 -10.368 -2.388 -0.383629522567 -0.35997095224 3.5
18.013 -10.379 -2.467 -0.358000531892 -0.286313372488 3.5600001812
17.988 -10.391 -2.569 -0.387121263325 -0.249550936097 3.61200022697
17.963 -10.406 -2.585 -0.392533231495 -0.244239270791 3.67000007629
17.993 -10.367 -2.784 -0.276707076001 -0.103393513046 3.72300004959
18.001 -10.323 3.033 -0.220720168417 0.0240632507743 3.77700018883
18.095 -10.257 0.844 0.189704745246 0.213351666661 3.83000016212
18.135 -10.24 0.748 0.24853203716 0.230604839387 3.89100003242
18.175 -10.228 0.618 0.370590036737 0.263450224466 3.94400000572
18.242 -10.194 0.54 0.526287473759 0.31547230207 4.0
18.299 -10.178 0.5 0.598635923933 0.327036295755 4.0490000248
18.351 -10.154 0.538 0.578275743702 0.345065372737 4.10700011253
18.399 -10.137 0.563 0.599611085109 0.378436513597 4.15600013733
18.441 -10.12 0.624 0.562987759133 0.405331480282 4.21200013161
18.443 -10.132 0.663 0.516642130929 0.403457806614 4.26400017738
18.452 -10.13 0.615 0.583011252851 0.41183183929 4.31200003624
18.47 -10.111 0.649 0.561099008117 0.425665242427 4.37700009346
18.496 -10.094 0.591 0.603699061869 0.405085041494 4.42800021172
18.519 -10.077 0.555 0.607056687671 0.37637873715 4.48400020599
18.544 -10.072 0.493 0.610316043731 0.32789097811 4.54600000381
18.573 -10.079 0.5 0.604203307706 0.330077771371 4.6210000515
18.603 -10.061 0.538 0.589183398685 0.351574125825 4.68099999428
18.621 -10.058 0.506 0.613636306421 0.340027464555 4.74000000954
18.632 -10.061 0.531 0.572115226207 0.335981016677 4.79400014877
18.625 -10.063 0.689 0.466330295214 0.384095890858 4.85199999809
18.584 -10.076 0.893 0.264972428573 0.329148841251 4.91000008583
18.529 -10.091 1.484 0.0215263851499 0.247387207483 4.96400022507
18.48 -10.088 1.921 -0.081057207498 0.221916874441 5.02500009537
18.447 -10.088 2.057 -0.100437969405 0.190035700137 5.09400010109
18.431 -10.095 2.139 -0.0989928816963 0.155055018927 5.14100003242
18.416 -10.097 2.24 -0.129141917496 0.163272614757 5.1970000267
18.413 -10.114 2.657 -0.177123383815 0.0932487844747 5.24500012398
18.394 -10.109 2.57 -0.204970811753 0.1318408808 5.30000019073
18.377 -10.106 2.478 -0.218092602602 0.170521738611 5.35700011253
18.364 -10.09 2.415 -0.259888687239 0.230989051389 5.41600012779
18.34 -10.07 2.398 -0.302695518832 0.278388829487 5.47600007057
18.327 -10.051 2.403 -0.276892360687 0.252113857749 5.52500009537
18.305 -10.064 2.627 -0.289849018731 0.163881765861 5.58600020409
18.289 -10.11 2.857 -0.283292313003 0.0828724478836 5.64200019836
18.27 -10.13 3.061 -0.36969512472 0.0298593864523 5.70100021362
18.255 -10.096 3.082 -0.392485054267 0.0234169525289 5.75300002098
18.238 -10.142 -3.032 -0.419885789756 -0.0462015147083 5.80599999428
18.201 -10.187 -2.962 -0.610502501465 -0.110835950978 5.85500001907
18.152 -10.223 -2.901 -0.736988904753 -0.180816498103 5.91200017929
18.129 -10.185 -3.111 -0.68089524721 -0.0208368933232 5.97100019455
18.116 -10.199 -3.035 -0.666712394641 -0.0713370251434 6.02800011635
18.124 -10.109 2.888 -0.51614103436 0.133769481893 6.08800005913
18.128 -10.074 2.81 -0.469978902044 0.161816250018 6.14500021935
18.156 -10.063 2.896 -0.362446764871 0.0908481750826 6.20100021362
18.187 -10.183 -2.696 -0.277421947192 -0.132505270009 6.25100016594
18.208 -10.287 -2.258 -0.201693519804 -0.245774147929 6.31100010872
18.205 -10.314 -2.36 -0.219051210197 -0.217390319657 6.36400008202
18.207 -10.093 2.853 -0.163628300606 0.0485780939285 6.42200016975
18.183 -9.926 2.157 -0.117247950441 0.176559274051 6.48000001907
18.179 -9.777 1.923 -0.102459696542 0.27878079696 6.53900003433
18.15 -9.782 2.004 -0.145767584352 0.315170256149 6.59500002861
18.142 -9.775 2.021 -0.177807941629 0.367899085198 6.65600013733
18.122 -9.763 1.998 -0.202362479272 0.444517388554 6.70700001717
18.098 -9.809 2.086 -0.191418155856 0.338068872583 6.76300001144
18.207 -9.744 1.725 -0.0645523332642 0.415294010589 6.8180000782
18.219 -9.7 1.692 -0.058637785326 0.48142408587 6.87900018692
18.227 -9.683 1.545 0.0125890942629 0.4879106148 6.94100022316
18.214 -9.735 1.163 0.180355225607 0.417475659674 7.00100016594
18.217 -9.786 0.814 0.373988032591 0.39601761587 7.06300020218
18.271 -9.778 0.643 0.511705778741 0.383378827881 7.12400007248
18.317 -9.778 0.571 0.589291714029 0.37854938672 7.1740000248
18.351 -9.767 0.557 0.653530746604 0.407004683117 7.22600007057
18.4 -9.753 0.545 0.694690018739 0.4211535252 7.28299999237
18.454 -9.754 0.484 0.676217411516 0.355491295981 7.34200000763
18.501 -9.748 0.472 0.697053356236 0.355834946548 7.39900016785
18.554 -9.751 0.407 0.672850339782 0.290045007652 7.46600008011
18.581 -9.765 0.352 0.559853346983 0.205632256228 7.52600002289
18.592 -9.777 0.303 0.516871441362 0.161587647378 7.57800006866
18.624 -9.785 0.31 0.581582492461 0.186296868807 7.63300013542
18.638 -9.792 0.248 0.594221208542 0.150464301228 7.69600009918
18.623 -9.8 0.144 0.563439358874 0.0817007655774 7.75200009346
18.585 -9.802 0.101 0.529515677962 0.0536636820967 7.80800008774
18.617 -9.806 0.106 0.613212768156 0.0652451013189 7.875
18.626 -9.819 0.129 0.629956852747 0.0817182286984 7.92300009727
18.619 -9.835 0.233 0.601854079183 0.142826031002 7.97300004959
18.624 -9.842 0.325 0.55366777986 0.186557116063 8.02800011635
18.661 -9.838 0.248 0.581769197573 0.14731129507 8.08900022507
18.677 -9.836 0.299 0.552971407611 0.170448403892 8.14500021935
18.688 -9.822 0.344 0.547859164991 0.196267148171 8.20399999619
18.691 -9.819 0.415 0.508748852099 0.224149006709 8.25500011444
18.689 -9.814 0.268 0.461721504361 0.126791557317 8.31300020218
18.692 -9.815 0.255 0.475390720916 0.123922367618 8.37400007248
18.708 -9.815 0.163 0.490311560837 0.0806361935689 8.42900013924
18.735 -9.81 0.247 0.464244309155 0.117058626517 8.48500013351
18.751 -9.886 -0.082 0.452105750315 -0.037155987835 8.54700016975
18.773 -9.899 -0.087 0.42748406861 -0.037285232112 8.60500001907
18.804 -9.905 -0.016 0.498973124627 -0.00798425132844 8.66600012779
18.841 -9.965 -0.194 0.458924427742 -0.0901653416003 8.72500014305
18.871 -10.013 -0.336 0.449569516568 -0.157008869102 8.78100013733
18.876 -10.004 -0.333 0.482618723268 -0.166928306571 8.83900022507
18.886 -10.02 -0.399 0.468606137312 -0.197571358963 8.89700007439
18.864 -9.995 -0.58 0.43648963168 -0.285974234888 8.95900011063
18.862 -10.014 -0.671 0.426244225586 -0.338388101017 9.0110001564
18.877 -10.026 -0.66 0.460755859091 -0.357594885862 9.06700015068
18.884 -10.047 -0.739 0.409993462446 -0.373609606536 9.13900017738
18.889 -10.069 -0.813 0.371569964947 -0.392669743136 9.19400000572
18.887 -10.099 -0.913 0.349535017688 -0.45242571745 9.24700021744
18.888 -10.137 -0.996 0.327095904082 -0.504967519088 9.30599999428
18.89 -10.182 -1.068 0.31102794121 -0.565568141152 9.3630001545
18.889 -10.2 -1.105 0.289240778477 -0.575387365244 9.43099999428
18.903 -10.229 -1.146 0.290707819436 -0.642678613787 9.48200011253
18.888 -10.247 -1.202 0.236856847757 -0.612858171983 9.54000020027
18.887 -10.272 -1.301 0.175816971137 -0.635776692701 9.59900021553
18.879 -10.305 -1.369 0.124669772728 -0.609391187938 9.66100001335
18.864 -10.339 -1.489 0.049125218844 -0.599239747825 9.72000002861
18.847 -10.367 -1.588 -0.0096524360715 -0.561012969274 9.78000020981
18.817 -10.392 -1.706 -0.0709640117674 -0.521665381192 9.84000015259
18.796 -10.411 -1.846 -0.150104556347 -0.53159098214 9.89800000191
18.764 -10.423 -1.935 -0.222409610936 -0.58343109444 9.95500016212
18.747 -10.373 -1.978 -0.23083140481 -0.535185940482 10.0140001774
18.731 -10.385 -2.035 -0.260290154483 -0.519857422645 10.0830001831
18.711 -10.396 -2.039 -0.25974147467 -0.513619344512 10.1360001564
18.698 -10.426 -2.035 -0.23577082014 -0.470886849855 10.1940000057
18.671 -10.399 -2.21 -0.295352747684 -0.397349724614 10.2570002079
18.636 -10.43 -2.284 -0.38747237933 -0.447885619502 10.3180000782
18.616 -10.445 -2.184 -0.376399496241 -0.534887672067 10.3760001659
18.585 -10.461 -2.231 -0.419722378695 -0.54057888831 10.4270000458
18.556 -10.459 -2.222 -0.378764351874 -0.496997315259 10.4790000916
18.542 -10.449 -2.127 -0.308346880687 -0.495994864847 10.5430002213
18.525 -10.461 -2.012 -0.257089754552 -0.544391252722 10.5990002155
18.516 -10.463 -2.04 -0.282740780249 -0.557713174226 10.6579999924
18.507 -10.463 -2.048 -0.29040295815 -0.561640745163 10.7150001526
18.485 -10.424 -2.321 -0.37509508741 -0.402472486385 10.7730000019
18.447 -10.372 -2.542 -0.417543812292 -0.285407468552 10.8330001831
18.416 -10.357 -2.621 -0.504996450554 -0.289539229591 10.8900001049
18.373 -10.343 -2.751 -0.546879135402 -0.225176322446 10.9460000992
18.334 -10.322 -2.88 -0.582361880024 -0.155914364569 10.9970002174
18.284 -10.3 -2.875 -0.621402568746 -0.169700844193 11.0570001602
18.258 -10.292 -2.942 -0.585944871844 -0.118528435951 11.1260001659
18.252 -10.276 -2.932 -0.510754438029 -0.108645962454 11.1760001183
18.23 -10.24 -2.964 -0.50238612068 -0.0901700457164 11.2350001335
18.212 -10.209 3.112 -0.531825048716 0.0157427101344 11.2940001488
18.196 -10.189 2.976 -0.524405090179 0.0876401567687 11.3470001221
18.186 -10.168 2.974 -0.520587503089 0.0880727645305 11.4000000954
18.19 -10.159 2.916 -0.561553294172 0.128876005944 11.4580001831
18.161 -10.125 2.839 -0.590691847426 0.184401754387 11.5170001984
18.145 -10.116 2.859 -0.589522245466 0.171175718902 11.5640001297
18.124 -10.081 2.803 -0.562654251576 0.198141067707 11.623000145
18.107 -10.06 2.833 -0.615243170806 0.19612503355 11.6780002117
18.088 -10.065 2.899 -0.601962883766 0.148965570548 11.737000227
18.085 -10.067 2.977 -0.563234700636 0.0935506087658 11.7890000343
18.096 -10.031 3.081 -0.487281110629 0.0295618428653 11.8410000801
18.092 -10.003 -3.052 -0.454908135565 -0.0408658267603 11.8920001984
18.092 -10.0 -3.064 -0.419046368296 -0.0325803305474 11.9560000896
