9.704 -2.295 -1.006 0.355280908038 -0.560688326488 3.28000020981
9.703 -2.295 -1.011 0.358490483469 -0.572060035746 3.33800005913
9.726 -2.339 -1.008 0.389064413333 -0.616728652085 3.38800001144
9.746 -2.373 -1.051 0.371641413196 -0.649391902208 3.44500017166
9.786 -2.409 -1.076 0.373567344878 -0.692349243984 3.5
9.826 -2.435 -0.962 0.434997438326 -0.623984393544 3.5600001812
9.822 -2.473 -1.059 0.390091044418 -0.694458845047 3.61200022697
9.831 -2.498 -1.157 0.279197940092 -0.635765843018 3.67000007629
9.855 -2.521 -1.12 0.311706392094 -0.643971460753 3.72300004959
9.851 -2.533 -1.052 0.331322539809 -0.580285546206 3.77700018883
9.879 -2.55 -0.982 0.353957309771 -0.530023981786 3.83000016212
9.908 -2.549 -0.892 0.377699710076 -0.468219386515 3.89100003242
9.967 -2.588 -0.841 0.444817480983 -0.4972523396 3.94400000572
10.019 -2.634 -0.911 0.440722675618 -0.568103669536 4.0
10.009 -2.689 -0.867 0.498935333394 -0.587813388126 4.0490000248
10.063 -2.764 -0.852 0.557194619314 -0.636837120513 4.10700011253
10.104 -2.84 -0.809 0.60496196613 -0.634214232111 4.15600013733
10.16 -2.869 -0.751 0.634232520642 -0.59203454121 4.21200013161
10.212 -2.884 -0.733 0.567638043507 -0.511064239797 4.26400017738
10.265 -2.924 -0.752 0.582402819173 -0.54474417664 4.31200003624
10.287 -2.951 -0.773 0.534525696532 -0.521433076277 4.37700009346
10.276 -3.003 -0.805 0.558307337811 -0.580635570412 4.42800021172
10.301 -3.095 -0.89 0.586137432099 -0.723644956597 4.48400020599
10.323 -3.148 -0.958 0.49791705723 -0.708184638746 4.54600000381
10.335 -3.227 -1.091 0.412294710535 -0.792338097901 4.6210000515
10.368 -3.272 -1.048 0.437936331636 -0.759935619574 4.68099999428
10.392 -3.331 -1.025 0.425670950082 -0.700881874938 4.74000000954
10.464 -3.311 -0.836 0.469136956029 -0.519190889258 4.79400014877
10.528 -3.308 -0.721 0.529257449529 -0.465131929798 4.85199999809
10.582 -3.315 -0.679 0.569721820264 -0.459770509837 4.91000008583
10.618 -3.316 -0.665 0.613849389658 -0.481348700608 4.96400022507
10.634 -3.35 -0.7 0.589226772662 -0.496298864071 5.02500009537
10.708 -3.376 -0.611 0.660994134785 -0.462965838676 5.09400010109
10.741 -3.406 -0.633 0.682224368521 -0.500561418375 5.14100003242
10.771 -3.438 -0.676 0.662720717528 -0.531546376498 5.1970000267
10.777 -3.471 -0.746 0.579399939877 -0.535454001909 5.24500012398
10.822 -3.519 -0.794 0.59358221004 -0.60388286299 5.30000019073
10.853 -3.551 -0.784 0.587683229908 -0.586042168947 5.35700011253
10.878 -3.589 -0.824 0.563747821054 -0.609042168567 5.41600012779
10.96 -3.622 -0.766 0.594911852569 -0.572267869313 5.47600007057
11.021 -3.642 -0.732 0.640711079068 -0.575695400892 5.52500009537
10.894 -3.624 -0.775 0.49522451565 -0.485031288257 5.58600020409
10.954 -3.667 -0.791 0.490162871513 -0.495685490721 5.64200019836
10.994 -3.71 -0.727 0.581768771363 -0.517500395218 5.70100021362
11.032 -3.76 -0.761 0.588877566684 -0.560821454886 5.75300002098
11.078 -3.782 -0.722 0.618997403046 -0.545096924078 5.80599999428
11.053 -3.745 -0.581 0.695060156075 -0.456375547599 5.85500001907
11.072 -3.787 -0.568 0.711500875513 -0.454044624644 5.91200017929
11.099 -3.874 -0.652 0.706298471001 -0.539163553685 5.97100019455
11.146 -3.945 -0.667 0.726292245649 -0.571869977207 6.02800011635
11.159 -3.958 -0.627 0.679942078039 -0.492638378848 6.08800005913
11.172 -3.976 -0.691 0.601093586611 -0.49711562107 6.14500021935
11.207 -4.015 -0.622 0.631536258056 -0.45276896941 6.20100021362
11.244 -4.052 -0.653 0.633222734343 -0.48438307593 6.25100016594
11.276 -4.121 -0.728 0.630112826464 -0.561633553707 6.31100010872
11.285 -4.127 -0.725 0.583140181166 -0.516634897535 6.36400008202
11.313 -4.158 -0.765 0.581742210361 -0.55848053414 6.42200016975
11.334 -4.176 -0.717 0.540659614448 -0.471333031944 6.48000001907
11.379 -4.244 -0.719 0.601782921591 -0.526740712574 6.53900003433
11.429 -4.288 -0.736 0.581615514397 -0.526816431579 6.59500002861
11.498 -4.324 -0.625 0.674065246265 -0.486327587393 6.65600013733
11.566 -4.349 -0.539 0.719616898019 -0.430382085006 6.70700001717
11.602 -4.389 -0.63 0.661713119217 -0.482464781753 6.76300001144
11.625 -4.451 -0.64 0.65196589069 -0.485417176212 6.8180000782
11.661 -4.478 -0.632 0.604166678674 -0.442360222874 6.87900018692
11.67 -4.503 -0.681 0.540350245031 -0.437854799013 6.94100022316
11.68 -4.521 -0.664 0.533394043559 -0.417399114164 7.00100016594
11.709 -4.563 -0.727 0.515614940204 -0.458654620994 7.06300020218
11.714 -4.632 -0.861 0.470691014373 -0.547840944129 7.12400007248
11.746 -4.708 -0.874 0.517604551337 -0.618532635834 7.1740000248
11.766 -4.764 -0.875 0.543798658579 -0.651156275731 7.22600007057
11.818 -4.838 -0.91 0.589504019876 -0.75831992098 7.28299999237
11.879 -4.891 -0.885 0.619843498793 -0.757483224123 7.34200000763
11.945 -4.965 -0.913 0.660714234626 -0.855205048145 7.39900016785
12.014 -5.033 -0.894 0.664926938279 -0.827665523675 7.46600008011
12.054 -5.1 -0.947 0.618939566431 -0.86004944392 7.52600002289
12.073 -5.124 -0.97 0.57228098037 -0.835073051898 7.57800006866
12.106 -5.176 -0.986 0.533257800671 -0.805470333438 7.63300013542
12.143 -5.207 -0.946 0.577139624054 -0.800277033302 7.69600009918
12.16 -5.218 -0.955 0.513978221879 -0.726386986171 7.75200009346
12.197 -5.241 -0.907 0.550002731855 -0.703143146842 7.80800008774
12.234 -5.275 -0.892 0.561487785001 -0.69605419124 7.875
12.27 -5.306 -0.894 0.623109599538 -0.77561353484 7.92300009727
12.297 -5.336 -0.908 0.607493536525 -0.778243874827 7.97300004959
12.33 -5.359 -0.881 0.628731434608 -0.762104480696 8.02800011635
12.359 -5.372 -0.823 0.594310309369 -0.640773634206 8.08900022507
12.397 -5.408 -0.844 0.575931124994 -0.647721622569 8.14500021935
12.418 -5.427 -0.826 0.594028357674 -0.644335866736 8.20399999619
12.471 -5.459 -0.766 0.644817435596 -0.620273908431 8.25500011444
12.51 -5.491 -0.743 0.67003221088 -0.615495513966 8.31300020218
12.544 -5.521 -0.787 0.630704459777 -0.632728274306 8.37400007248
12.59 -5.547 -0.804 0.618825041008 -0.642286742543 8.42900013924
12.611 -5.57 -0.788 0.656528007704 -0.659953284647 8.48500013351
12.627 -5.612 -0.838 0.604235140176 -0.671397728579 8.54700016975
12.652 -5.643 -0.8 0.632157529433 -0.650893766434 8.60500001907
12.661 -5.662 -0.776 0.633721405823 -0.621920332153 8.66600012779
12.716 -5.727 -0.847 0.626819063208 -0.709226168781 8.72500014305
12.771 -5.78 -0.871 0.602346651074 -0.715426820367 8.78100013733
12.806 -5.807 -0.915 0.55716320961 -0.724161265377 8.83900022507
12.858 -5.833 -0.795 0.662703984071 -0.675554114576 8.89700007439
12.86 -5.85 -0.824 0.576318104229 -0.622622411787 8.95900011063
12.895 -5.868 -0.848 0.571099159262 -0.647484547994 9.0110001564
12.963 -5.92 -0.845 0.58531607758 -0.659603561069 9.06700015068
13.035 -5.986 -0.784 0.678923361511 -0.677027519385 9.13900017738
13.119 -6.066 -0.703 0.835148725126 -0.707729864112 9.19400000572
13.179 -6.128 -0.787 0.829640649206 -0.832302813352 9.24700021744
13.2 -6.118 -0.755 0.791411229434 -0.744701825653 9.30599999428
13.284 -6.195 -0.726 0.880823572684 -0.781942032829 9.3630001545
13.362 -6.28 -0.737 0.886596024074 -0.804677519299 9.43099999428
13.366 -6.295 -0.827 0.697105253796 -0.757661146876 9.48200011253
13.371 -6.307 -0.816 0.628134594581 -0.667805114012 9.54000020027
13.375 -6.314 -0.733 0.57881086795 -0.52112352158 9.59900021553
13.409 -6.351 -0.729 0.5754363915 -0.513932749556 9.66100001335
13.443 -6.377 -0.762 0.533659295756 -0.509252618214 9.72000002861
13.478 -6.389 -0.728 0.523923748461 -0.466984870584 9.78000020981
13.525 -6.418 -0.693 0.566722952428 -0.470602307002 9.84000015259
13.548 -6.442 -0.678 0.566269249031 -0.456049948674 9.89800000191
13.547 -6.45 -0.737 0.472277383931 -0.428640534588 9.95500016212
13.575 -6.476 -0.733 0.478480628612 -0.43079272349 10.0140001774
13.624 -6.509 -0.663 0.541695821791 -0.423022814107 10.0830001831
13.67 -6.532 -0.612 0.601194452812 -0.421978391577 10.1360001564
13.709 -6.542 -0.61 0.613056554596 -0.42847678965 10.1940000057
13.757 -6.57 -0.632 0.564202710023 -0.413099307463 10.2570002079
13.773 -6.569 -0.631 0.567733045123 -0.414812704864 10.3180000782
13.796 -6.596 -0.7 0.52213022694 -0.43978422324 10.3760001659
13.828 -6.637 -0.832 0.536689215624 -0.589195527842 10.4270000458
13.855 -6.663 -0.905 0.502531074952 -0.63981269974 10.4790000916
13.916 -6.708 -0.866 0.542843954118 -0.638248901384 10.5430002213
13.946 -6.749 -0.933 0.480404934081 -0.648211138392 10.5990002155
13.986 -6.786 -0.917 0.449785275495 -0.587024553872 10.6579999924
14.011 -6.795 -0.96 0.420078728439 -0.600022598543 10.7150001526
14.063 -6.842 -0.979 0.431209588519 -0.641527799187 10.7730000019
14.095 -6.891 -0.931 0.487593101152 -0.655166918223 10.8330001831
14.109 -6.912 -0.936 0.452935432422 -0.614994754329 10.8900001049
14.128 -6.939 -0.94 0.453372413994 -0.620773142014 10.9460000992
14.169 -6.985 -0.929 0.470323213659 -0.629329912664 10.9970002174
14.191 -7.045 -0.985 0.470527975129 -0.709177044359 11.0570001602
14.234 -7.102 -0.945 0.515099944837 -0.712747761585 11.1260001659
14.277 -7.159 -0.938 0.516121813615 -0.703732386772 11.1760001183
14.239 -7.132 -0.91 0.485562494725 -0.624612725641 11.2350001335
14.248 -7.118 -0.924 0.422610792796 -0.559629646184 11.2940001488
14.252 -7.13 -0.991 0.363148567484 -0.554529097869 11.3470001221
14.262 -7.15 -1.032 0.325990894014 -0.545322553397 11.4000000954
14.284 -7.149 -1.013 0.280646963385 -0.449838442074 11.4580001831
14.306 -7.173 -0.952 0.332221915892 -0.466542599518 11.5170001984
14.318 -7.173 -0.926 0.32157992843 -0.427618242688 11.5640001297
14.344 -7.192 -0.845 0.345830547427 -0.389722868288 11.623000145
14.362 -7.218 -0.91 0.306886990897 -0.394770028431 11.6780002117
14.521 -7.376 -0.825 0.567500261288 -0.614327284917 11.737000227
14.532 -7.4 -0.855 0.527478281406 -0.606535420953 11.7890000343
14.54 -7.404 -0.819 0.509815481448 -0.545282045386 11.8410000801
14.556 -7.409 -0.747 0.546785499264 -0.50632798971 11.8920001984
14.619 -7.461 -0.781 0.53008930843 -0.525446857964 11.9560000896
