-16.524 -12.281 -1.541 0.0213535359943 -0.716437847993 0.0190000534058
-16.523 -12.323 -1.613 -0.0282689958969 -0.66942538371 0.0710000991821
-16.524 -12.359 -1.552 0.01194252039 -0.635289758937 0.128000020981
-16.518 -12.393 -1.526 0.0263293715562 -0.587364171796 0.184000015259
-16.518 -12.428 -1.496 0.0433070567065 -0.577919640123 0.241000175476
-16.518 -12.464 -1.579 -0.00484747971635 -0.590878116319 0.297000169754
-16.513 -12.501 -1.427 0.0818139987256 -0.565030566909 0.357000112534
-16.507 -12.529 -1.437 0.067154565439 -0.498917769006 0.412000179291
-16.499 -12.555 -1.445 0.0627572457116 -0.496245470825 0.47000002861
-16.494 -12.583 -1.598 -0.0134636950189 -0.494799857726 0.529000043869
