24.842 -17.097 2.967 -1.05431028736 0.185968280524 0.0190000534058
24.767 -17.096 3.003 -1.14321108157 0.159462951266 0.0710000991821
24.681 -17.082 3.034 -1.10489776003 0.119339737118 0.128000020981
24.63 -17.083 3.115 -0.913285980952 0.0242924242748 0.184000015259
24.594 -17.056 3.085 -0.891954747013 0.0505320443427 0.241000175476
24.573 -17.042 3.03 -0.83419781266 0.0934786976462 0.297000169754
24.517 -16.998 2.921 -0.7695530493 0.172565956114 0.357000112534
24.473 -16.969 2.819 -0.750299063836 0.250801914378 0.412000179291
24.416 -16.965 2.751 -0.720664166941 0.296731940068 0.47000002861
24.357 -16.957 2.736 -0.731040926519 0.313909906658 0.529000043869
24.321 -16.94 2.685 -0.698729798996 0.343224573019 0.589000225067
24.261 -16.925 2.633 -0.75499347774 0.420918292036 0.644000053406
24.217 -16.913 2.595 -0.740433389266 0.450499523228 0.705000162125
24.149 -16.915 2.661 -0.868735728028 0.452927847384 0.764000177383
24.083 -16.932 2.744 -1.00689869326 0.422855593456 0.819000005722
24.014 -16.957 2.885 -1.11027267047 0.291309297503 0.881000041962
23.951 -16.961 2.955 -1.1525477284 0.217588061263 0.936000108719
23.893 -16.983 3.082 -1.1351204455 0.067725028757 0.992000102997
23.849 -17.002 -3.106 -1.11742282991 -0.039788847112 1.04400014877
23.831 -17.004 -3.003 -1.00981950284 -0.140856575628 1.09400010109
23.785 -17.008 -2.976 -0.992270324676 -0.16583120271 1.15799999237
23.699 -16.949 3.062 -1.08923472373 0.0868786179776 1.21800017357
23.69 -16.945 2.993 -1.00822992459 0.150928017453 1.26900005341
23.642 -16.936 2.919 -0.995383078303 0.225298298421 1.32700014114
23.622 -16.926 2.867 -0.962806203988 0.271231068508 1.375
23.619 -16.933 2.788 -0.846306359244 0.312376093451 1.43200016022
23.572 -16.897 2.705 -0.791124212684 0.369158056027 1.49300003052
23.545 -16.9 2.783 -0.780894468081 0.292676875275 1.55400013924
23.527 -16.916 2.788 -0.812075698845 0.299741378073 1.60900020599
23.499 -16.914 2.779 -0.791696484852 0.300342513437 1.66100001335
23.454 -16.901 2.697 -0.794055300635 0.378290539473 1.71400022507
23.418 -16.905 2.788 -0.819598601326 0.302518120636 1.75900006294
23.365 -16.893 2.788 -0.859982487485 0.317424023751 1.81300020218
23.33 -16.887 2.857 -0.803674277259 0.235101524469 1.86100006104
23.277 -16.885 2.951 -0.826086472711 0.159380565456 1.92000007629
23.229 -16.89 2.936 -0.800385396935 0.166911704771 1.98000001907
23.184 -16.874 2.978 -0.813029968343 0.134205095286 2.03600001335
23.168 -16.914 -3.14118530718 -0.754134937433 -0.000307194176566 2.09500002861
23.158 -16.956 -2.99 -0.614139233135 -0.0938187615616 2.14900016785
23.155 -17.014 -2.848 -0.576660855886 -0.174341635904 2.20200014114
23.121 -17.032 -2.819 -0.614360606184 -0.205361866455 2.25800013542
23.081 -17.048 -2.737 -0.616179112492 -0.263858616569 2.31600022316
23.048 -17.088 -2.705 -0.642955446376 -0.300018857836 2.37400007248
23.012 -17.108 -2.646 -0.596384699031 -0.322401689143 2.42500019073
22.978 -17.131 -2.593 -0.597261870719 -0.365028845865 2.47699999809
22.955 -17.17 -2.491 -0.575037031895 -0.437683672203 2.53600001335
22.941 -17.183 -2.485 -0.546410180813 -0.421096234047 2.58800005913
22.928 -17.2 -2.506 -0.556504120374 -0.410541796297 2.63700008392
22.882 -17.203 -2.57 -0.578883102958 -0.372347933452 2.69600009918
22.835 -17.237 -2.52 -0.612745525971 -0.438919498135 2.7570002079
22.799 -17.249 -2.558 -0.613656062653 -0.405206530294 2.81300020218
22.759 -17.264 -2.541 -0.570427025678 -0.390746621037 2.86600017548
22.71 -17.26 -2.623 -0.643328358534 -0.367144033734 2.91300010681
22.679 -17.291 -2.647 -0.622447144237 -0.3356869599 2.96700000763
22.653 -17.301 -2.67 -0.662218292684 -0.337712208419 3.02600002289
22.631 -17.271 -2.7 -0.611347143514 -0.289000685712 3.08000016212
22.61 -17.256 -2.863 -0.655625570375 -0.187529384882 3.12900018692
22.597 -17.287 -2.685 -0.64104182409 -0.314887538326 3.17900013924
22.572 -17.308 -2.742 -0.716881995865 -0.302748686783 3.23100018501
22.534 -17.31 -2.801 -0.701063422596 -0.24845956214 3.28000020981
22.472 -17.293 -2.883 -0.73302817681 -0.193897068372 3.33800005913
22.448 -17.288 -2.904 -0.665029576968 -0.161048009181 3.38800001144
22.44 -17.272 -2.73 -0.572259532849 -0.249806182295 3.44500017166
22.436 -17.259 -2.609 -0.497731315207 -0.293365339429 3.5
22.433 -17.243 -2.51 -0.406931439291 -0.29769349762 3.5600001812
22.435 -17.234 -2.486 -0.355523186391 -0.273421107369 3.61200022697
22.488 -17.261 -2.196 -0.240169462228 -0.332739538464 3.67000007629
22.447 -17.264 -2.238 -0.248118161766 -0.314985591077 3.72300004959
22.393 -17.246 -2.41 -0.292659000009 -0.262746264891 3.77700018883
22.267 -17.226 -2.678 -0.458748210884 -0.229342592937 3.83000016212
22.455 -17.485 -1.871 -0.222865441667 -0.719943968244 3.89100003242
22.451 -17.515 -1.833 -0.19812628863 -0.738223434238 3.94400000572
22.427 -17.563 -1.793 -0.162839846047 -0.720739385198 4.0
22.426 -17.587 -1.768 -0.123979301612 -0.62051564136 4.0490000248
22.414 -17.604 -1.83 -0.163718080009 -0.617410234595 4.10700011253
22.396 -17.632 -1.848 -0.181635074482 -0.638370589064 4.15600013733
22.374 -17.626 -1.929 -0.227201813271 -0.606917980165 4.21200013161
22.351 -17.608 -1.95 -0.216872661132 -0.544236622793 4.26400017738
22.327 -17.619 -1.957 -0.240350301661 -0.591087302956 4.31200003624
22.308 -17.659 -2.002 -0.254619435427 -0.55342585847 4.37700009346
22.301 -17.686 -1.9 -0.174032269765 -0.509409424304 4.42800021172
22.247 -17.664 -2.099 -0.261414788935 -0.448006610811 4.48400020599
22.168 -17.668 -2.388 -0.402774135853 -0.377934910354 4.54600000381
22.134 -17.686 -2.442 -0.424733250384 -0.35745222503 4.6210000515
22.104 -17.659 -2.762 -0.460179856977 -0.183584367353 4.68099999428
22.062 -17.582 2.613 -0.744062095087 0.434553158486 4.74000000954
22.006 -17.513 2.375 -0.785312414645 0.756317853488 4.79400014877
21.961 -17.477 2.42 -0.821856321075 0.723142865109 4.85199999809
21.938 -17.421 2.36 -0.741809169202 0.736184622182 4.91000008583
21.922 -17.378 2.361 -0.710351670805 0.7035570662 4.96400022507
21.9 -17.326 2.269 -0.630935365973 0.751809593909 5.02500009537
21.864 -17.266 2.208 -0.617469052158 0.834184986755 5.09400010109
21.883 -17.261 2.227 -0.542909994505 0.705041516556 5.14100003242
21.853 -17.158 2.118 -0.523773221563 0.859681418493 5.1970000267
21.866 -17.039 1.893 -0.371889018339 1.11398424335 5.24500012398
21.9 -17.005 1.876 -0.330944248196 1.0504595893 5.30000019073
21.864 -16.889 1.91 -0.428459139783 1.2143116772 5.35700011253
21.845 -16.825 1.968 -0.492334387928 1.17361932588 5.41600012779
21.802 -16.731 1.887 -0.372349622094 1.13805238492 5.47600007057
21.793 -16.69 1.806 -0.270959632065 1.13069893108 5.52500009537
21.788 -16.643 1.781 -0.235572570161 1.10413231928 5.58600020409
21.767 -16.62 1.88 -0.335553928729 1.05041243746 5.64200019836
21.74 -16.596 1.935 -0.394588929575 1.0350966852 5.70100021362
21.714 -16.58 2.056 -0.489027033818 0.927517488674 5.75300002098
21.682 -16.533 2.107 -0.574566571152 0.966826569182 5.80599999428
21.658 -16.488 2.105 -0.565043820941 0.95514713797 5.85500001907
21.632 -16.452 2.101 -0.581063757221 0.991253899921 5.91200017929
21.581 -16.377 2.134 -0.627921468889 0.994456965671 5.97100019455
21.547 -16.313 2.187 -0.687374404759 0.970602828237 6.02800011635
21.518 -16.242 2.142 -0.627494789677 0.976390198542 6.08800005913
21.482 -16.177 2.206 -0.699121204812 0.948455895794 6.14500021935
21.463 -16.131 2.18 -0.656126404381 0.940367270916 6.20100021362
21.445 -16.064 2.152 -0.617523552634 0.940071259507 6.25100016594
21.408 -15.988 2.141 -0.609858669962 0.951037849675 6.31100010872
21.374 -15.895 2.081 -0.577229739607 1.03145599027 6.36400008202
21.349 -15.83 2.116 -0.593184480601 0.978004584279 6.42200016975
21.337 -15.826 2.157 -0.579129993687 0.872090052596 6.48000001907
21.29 -15.761 2.128 -0.569766349614 0.914463372939 6.53900003433
21.235 -15.697 2.169 -0.656598893621 0.963457145459 6.59500002861
21.179 -15.639 2.189 -0.734500003885 1.03276063001 6.65600013733
21.129 -15.555 2.059 -0.635507687892 1.1966260053 6.70700001717
21.084 -15.478 1.998 -0.573538518724 1.25985728923 6.76300001144
21.057 -15.419 1.979 -0.526106621103 1.21643934722 6.8180000782
20.999 -15.354 2.097 -0.65887816549 1.13437603818 6.87900018692
20.96 -15.291 2.101 -0.642349121244 1.09580242036 6.94100022316
20.923 -15.215 2.059 -0.597587666182 1.1252246911 7.00100016594
20.872 -15.129 2.13 -0.71223163019 1.13803971214 7.06300020218
20.818 -15.062 2.131 -0.69931806281 1.11492495885 7.12400007248
20.769 -14.995 2.131 -0.727094310111 1.15920871616 7.1740000248
20.732 -14.945 2.184 -0.782646802087 1.11219098378 7.22600007057
20.695 -14.887 2.16 -0.756703862937 1.13210732929 7.28299999237
20.655 -14.825 2.185 -0.774493299119 1.09826913194 7.34200000763
20.633 -14.757 2.155 -0.718633398361 1.08687361442 7.39900016785
20.565 -14.681 2.194 -0.769250967134 1.07025240674 7.46600008011
20.511 -14.632 2.21 -0.788144824585 1.06032238217 7.52600002289
20.452 -14.591 2.281 -0.821351282304 0.95518972291 7.57800006866
20.398 -14.561 2.332 -0.844801717576 0.886702761961 7.63300013542
20.346 -14.52 2.415 -0.886956175814 0.788326601867 7.69600009918
20.285 -14.496 2.421 -0.844482794616 0.741554695249 7.75200009346
20.246 -14.468 2.43 -0.82767653984 0.713706931312 7.80800008774
20.175 -14.42 2.448 -0.819697471702 0.681491551661 7.875
20.144 -14.395 2.458 -0.767668003031 0.625358263836 7.92300009727
20.105 -14.357 2.453 -0.770629999154 0.634207564015 7.97300004959
20.066 -14.305 2.468 -0.767847694169 0.612833476149 8.02800011635
20.012 -14.246 2.434 -0.774415390677 0.662397313289 8.08900022507
19.966 -14.194 2.45 -0.791310943008 0.655219046503 8.14500021935
19.925 -14.167 2.489 -0.819861788639 0.626623204459 8.20399999619
19.885 -14.138 2.557 -0.862456763008 0.570732777701 8.25500011444
19.84 -14.098 2.537 -0.858808117672 0.59335080385 8.31300020218
19.791 -14.043 2.489 -0.848615975544 0.648600129094 8.37400007248
19.761 -13.992 2.474 -0.817132901945 0.644181222831 8.42900013924
19.712 -13.945 2.454 -0.883528102871 0.725638928067 8.48500013351
19.651 -13.873 2.381 -0.840483789603 0.799787672467 8.54700016975
19.596 -13.829 2.497 -0.942534391643 0.70850964039 8.60500001907
19.547 -13.769 2.462 -0.939789079465 0.759338179574 8.66600012779
19.518 -13.718 2.353 -0.804737689451 0.809895637322 8.72500014305
19.481 -13.661 2.303 -0.728913368598 0.810900318846 8.78100013733
19.443 -13.599 2.23 -0.678378977972 0.875520084662 8.83900022507
19.424 -13.545 2.176 -0.582274398471 0.8416761306 8.89700007439
19.381 -13.48 2.184 -0.60830083437 0.864434252603 8.95900011063
19.338 -13.431 2.237 -0.650359101764 0.827330445441 9.0110001564
19.291 -13.344 2.261 -0.712695170539 0.86316297031 9.06700015068
19.229 -13.258 2.326 -0.78096633628 0.829611703448 9.13900017738
19.185 -13.227 2.369 -0.762847072087 0.743555761348 9.19400000572
19.138 -13.204 2.399 -0.749161785551 0.687621934605 9.24700021744
19.064 -13.171 2.45 -0.790050074445 0.654175025685 9.30599999428
19.008 -13.116 2.421 -0.782234840304 0.686893708568 9.3630001545
18.948 -13.063 2.448 -0.784977652339 0.652625702507 9.43099999428
18.892 -13.018 2.461 -0.815281944936 0.660086549069 9.48200011253
18.857 -12.97 2.5 -0.832683037404 0.622032795473 9.54000020027
18.818 -12.943 2.482 -0.79940319144 0.619899133057 9.59900021553
18.769 -12.895 2.496 -0.873660655565 0.658105138525 9.66100001335
18.736 -12.846 2.5 -0.925323279388 0.691237121857 9.72000002861
18.689 -12.79 2.534 -1.03590578778 0.720308355896 9.78000020981
18.619 -12.722 2.544 -1.08413696074 0.73787285665 9.84000015259
18.573 -12.669 2.475 -0.954195785428 0.750687828409 9.89800000191
18.527 -12.626 2.442 -0.902637441025 0.759652702956 9.95500016212
18.459 -12.572 2.5 -0.984551826885 0.73548216747 10.0140001774
18.376 -12.511 2.537 -1.06146553122 0.733366875847 10.0830001831
18.284 -12.458 2.513 -1.11117217912 0.807779320673 10.1360001564
18.234 -12.423 2.539 -1.09145577856 0.750866683435 10.1940000057
18.178 -12.395 2.555 -1.09798931355 0.729758815291 10.2570002079
18.177 -12.382 2.571 -0.938686837578 0.602453914571 10.3180000782
18.11 -12.348 2.635 -0.996347919811 0.552867247366 10.3760001659
18.017 -12.278 2.646 -1.09033864074 0.589429977134 10.4270000458
17.92 -12.223 2.674 -1.1342158013 0.572712149116 10.4790000916
17.807 -12.125 2.557 -1.18396614443 0.783492361933 10.5430002213
17.735 -12.058 2.489 -1.13157350986 0.86486555253 10.5990002155
17.67 -11.99 2.458 -1.10863092399 0.903113725102 10.6579999924
17.602 -11.935 2.432 -1.12469536955 0.965911578419 10.7150001526
17.537 -11.895 2.419 -1.07019161209 0.943550928647 10.7730000019
17.496 -11.847 2.396 -1.03392650557 0.954725368629 10.8330001831
17.452 -11.805 2.356 -0.960574663081 0.960948380472 10.8900001049
17.387 -11.756 2.348 -0.92770399838 0.943034086407 10.9460000992
17.317 -11.69 2.383 -1.00605914223 0.953519064816 10.9970002174
17.243 -11.63 2.438 -1.06294611529 0.901855046111 11.0570001602
17.153 -11.561 2.559 -1.21240315036 0.798828552776 11.1260001659
17.096 -11.509 2.61 -1.28054361954 0.753034460543 11.1760001183
16.999 -11.48 2.591 -1.23107597464 0.755783320394 11.2350001335
16.905 -11.451 2.621 -1.290341267 0.739815925331 11.2940001488
16.84 -11.427 2.636 -1.26355640262 0.699487869725 11.3470001221
16.771 -11.375 2.498 -1.16068029898 0.87067625789 11.4000000954
16.718 -11.326 2.495 -1.15848766222 0.874474889758 11.4580001831
16.636 -11.256 2.439 -1.16415308052 0.985723455472 11.5170001984
16.613 -11.218 2.445 -1.11091817239 0.929261210031 11.5640001297
16.537 -11.149 2.46 -1.08647541001 0.881456323478 11.623000145
16.506 -11.101 2.451 -0.968289632311 0.800129628474 11.6780002117
16.463 -11.057 2.408 -0.895760651315 0.807446134826 11.737000227
16.421 -11.028 2.364 -0.782316475328 0.770198061773 11.7890000343
16.394 -11.014 2.353 -0.713837440248 0.718412765046 11.8410000801
16.373 -10.987 2.388 -0.716313940621 0.672138602844 11.8920001984
16.335 -10.95 2.404 -0.696582751051 0.632974142232 11.9560000896
