-27.35 3.582 -2.594 -1.26241241705 -0.769816346604 0.357000112534
-27.407 3.55 -2.514 -1.15723295718 -0.839496215021 0.412000179291
-27.835 3.234 -2.484 -0.799494555947 -0.617413439882 0.992000102997
-27.907 3.197 -2.504 -0.903735433003 -0.669495036695 1.04400014877
-28.339 2.924 -2.421 -0.979345973379 -0.85998034473 1.375
-28.409 2.889 -2.473 -0.949979027653 -0.750451164464 1.43200016022
-28.912 2.625 -2.555 -1.16451340059 -0.77397285121 1.81300020218
-28.974 2.6 -2.552 -1.10883860696 -0.74177515541 1.86100006104
-29.526 2.392 -2.648 -1.45452948334 -0.782554026573 2.20200014114
-29.618 2.359 -2.657 -1.48966366982 -0.784251765608 2.25800013542
-30.155 2.085 -2.722 -1.72586740504 -0.769881926672 2.58800005913
-30.253 2.014 -2.711 -1.80422883633 -0.828751815924 2.63700008392
-30.697 1.776 -2.682 -1.22337543358 -0.60549931368 3.02600002289
-30.779 1.695 -2.576 -1.24398455119 -0.789641541318 3.08000016212
-31.257 1.42 -2.605 -0.952549183954 -0.566583290114 3.5600001812
-31.307 1.412 -2.628 -0.899010712585 -0.507118425997 3.61200022697
-31.668 0.989 -2.59 -1.08979397073 -0.670548798071 4.0
-31.739 0.936 -2.608 -1.1849137995 -0.699991643271 4.0490000248
-32.248 0.601 -2.58 -1.67597256241 -1.05447237045 4.31200003624
-32.363 0.467 -2.544 -1.75991758144 -1.19781490744 4.37700009346
-32.742 0.121 -2.435 -1.57871376317 -1.34762367135 4.6210000515
-32.799 0.049 -2.435 -1.51100630516 -1.28982714403 4.68099999428
-32.907 -0.454 -0.897 1.17902131586 -1.47663393139 5.14100003242
-32.908 -0.495 -1.213 0.562000702033 -1.5031216065 5.1970000267
-33.353 -0.942 -2.138 -0.84789253079 -1.33100789702 5.58600020409
-33.403 -1.009 -2.181 -0.908340876745 -1.29907352055 5.64200019836
-33.826 -1.319 -2.416 -1.28537451683 -1.14014206866 5.91200017929
-33.927 -1.401 -2.407 -1.30598107646 -1.17959152881 5.97100019455
-34.317 -1.765 -2.398 -1.20701280775 -1.11008872554 6.36400008202
-34.374 -1.842 -2.313 -1.06513914841 -1.16137201995 6.42200016975
-34.765 -2.171 -2.468 -0.942759522705 -0.752433848352 6.87900018692
-34.851 -2.246 -2.393 -0.968817815274 -0.900003807054 6.94100022316
-35.314 -2.454 -2.346 -0.782044213747 -0.798154087926 7.34200000763
-35.368 -2.506 -2.305 -0.740209795497 -0.820162099746 7.39900016785
-35.934 -2.678 -2.857 -1.19242198942 -0.348823192996 7.875
-36.014 -2.684 -2.807 -1.2240829412 -0.425570143997 7.92300009727
-36.551 -2.556 2.955 -1.51525269745 0.286062684118 8.25500011444
-36.669 -2.55 3.005 -1.54915507223 0.212929097524 8.31300020218
-37.226 -2.731 -2.94 -1.73259289517 -0.354087706132 8.60500001907
-37.327 -2.758 -2.932 -1.64933007562 -0.350839934278 8.66600012779
-37.376 -3.531 -1.489 0.247385859648 -3.0176647278 8.78100013733
-37.372 -3.708 -1.583 -0.0357347631267 -2.92805194961 8.83900022507
-37.256 -4.207 -1.619 -0.134685432654 -2.791926205 9.06700015068
-37.26 -4.398 -1.578 -0.0197907323575 -2.74726371671 9.13900017738
-37.265 -4.987 -1.553 0.0458050425261 -2.57357640849 9.3630001545
