-12.409 3.506 -1.821 -0.13260485468 -0.518881801453 1.92000007629
-12.401 3.462 -1.672 -0.0635314272069 -0.625613446401 1.98000001907
-11.891 3.303 -0.282 1.04532071038 -0.302851308907 2.7570002079
-11.815 3.28 -0.305 1.0784098261 -0.33950846096 2.81300020218
-11.373 3.012 -0.503 0.64359867428 -0.354110716474 3.67000007629
-11.332 2.969 -0.488 0.696598034592 -0.36976947486 3.72300004959
-11.008 2.573 -0.824 0.639412706344 -0.690786352935 4.21200013161
-10.997 2.522 -0.843 0.659947328765 -0.740717549057 4.26400017738
-10.722 2.081 -0.836 0.544726609436 -0.602845478534 4.91000008583
-10.693 2.04 -0.852 0.529768957881 -0.605491377661 4.96400022507
-10.404 1.622 -0.946 0.501198475826 -0.694975033099 5.52500009537
-10.386 1.543 -0.96 0.522743967626 -0.746665261993 5.58600020409
-10.446 1.023 -1.426 0.0819586689263 -0.562065954037 6.70700001717
-10.453 0.996 -1.402 0.101797454518 -0.597340024239 6.76300001144
-10.91 1.202 2.533 -0.446359483424 0.311034938805 8.72500014305
-10.914 1.21 2.56 -0.437707304714 0.287769407619 8.78100013733
