22.997 -14.38 2.6 -0.961862766989 0.578653382878 0.0190000534058
22.918 -14.318 2.625 -1.05026120386 0.596596944205 0.0710000991821
22.823 -14.278 2.717 -1.1480392372 0.519019881859 0.128000020981
22.746 -14.271 2.759 -1.16895375866 0.470412832792 0.184000015259
22.692 -14.244 2.78 -1.15363232518 0.436329405851 0.241000175476
22.645 -14.233 2.743 -1.10078718047 0.463580327134 0.297000169754
22.572 -14.226 2.851 -1.12039117379 0.335062313738 0.357000112534
22.519 -14.209 2.913 -1.10895836991 0.258009532258 0.412000179291
22.437 -14.183 2.949 -1.11837911281 0.218094811819 0.47000002861
22.382 -14.15 2.813 -1.07193391449 0.365479258909 0.529000043869
22.282 -14.125 2.885 -1.16088166541 0.304587901178 0.589000225067
22.223 -14.116 2.867 -1.11217634894 0.313309966473 0.644000053406
22.159 -14.095 2.803 -1.05415269846 0.371224318688 0.705000162125
22.105 -14.083 2.845 -1.0173197225 0.310899798935 0.764000177383
22.034 -14.053 2.854 -1.06375965547 0.314652598594 0.819000005722
21.951 -14.031 2.831 -1.08652514543 0.34875403075 0.881000041962
21.876 -14.0 2.759 -1.07373000784 0.432092690495 0.936000108719
21.811 -13.979 2.774 -1.04759743993 0.40342583249 0.992000102997
21.768 -13.949 2.727 -0.953103533198 0.419463142578 1.04400014877
21.715 -13.911 2.652 -0.92181977875 0.491205517254 1.09400010109
21.638 -13.85 2.61 -0.960699932937 0.56494768683 1.15799999237
21.579 -13.817 2.634 -1.01883101159 0.566676251362 1.21800017357
21.543 -13.779 2.546 -0.908595295179 0.615742349639 1.26900005341
21.508 -13.745 2.533 -0.853630924591 0.594832309501 1.32700014114
21.487 -13.732 2.574 -0.849734926757 0.541771781527 1.375
21.456 -13.717 2.564 -0.811113824346 0.528629784628 1.43200016022
21.405 -13.688 2.587 -0.744402365583 0.461114182513 1.49300003052
21.363 -13.656 2.591 -0.715612269464 0.439329357628 1.55400013924
21.304 -13.619 2.561 -0.676973883866 0.444105581252 1.60900020599
21.258 -13.573 2.522 -0.645292843412 0.460283660804 1.66100001335
21.223 -13.542 2.452 -0.600113809588 0.494884760976 1.71400022507
21.198 -13.518 2.428 -0.614900405639 0.532377641793 1.75900006294
21.16 -13.493 2.475 -0.609645104595 0.479621862366 1.81300020218
21.112 -13.471 2.504 -0.671283531444 0.497292654581 1.86100006104
21.084 -13.454 2.493 -0.617896957203 0.468357307238 1.92000007629
21.036 -13.429 2.491 -0.659095032966 0.501663577055 1.98000001907
21.001 -13.391 2.461 -0.671987263022 0.544069148374 2.03600001335
20.954 -13.349 2.395 -0.647375996964 0.598985992474 2.09500002861
20.914 -13.311 2.414 -0.666605821973 0.593673482278 2.14900016785
20.897 -13.286 2.387 -0.578766450968 0.544163087408 2.20200014114
20.849 -13.258 2.442 -0.606369069031 0.510315527966 2.25800013542
20.795 -13.212 2.384 -0.560840494548 0.530487734007 2.31600022316
20.762 -13.179 2.331 -0.528838453719 0.556180744805 2.37400007248
20.73 -13.167 2.321 -0.539765924237 0.579162300134 2.42500019073
20.692 -13.142 2.364 -0.620671405282 0.611056942327 2.47699999809
20.64 -13.114 2.369 -0.675759586717 0.658670593851 2.53600001335
20.579 -13.076 2.335 -0.706757169369 0.737369277029 2.58800005913
20.537 -13.036 2.374 -0.751787268651 0.725480974387 2.63700008392
20.471 -12.988 2.398 -0.781705318495 0.718933763734 2.69600009918
20.411 -12.937 2.415 -0.851267299533 0.756606330528 2.7570002079
20.354 -12.896 2.408 -0.880795988234 0.7939568625 2.81300020218
20.298 -12.854 2.398 -0.909691126563 0.836642210284 2.86600017548
20.258 -12.817 2.387 -0.886577636154 0.833570817571 2.91300010681
20.206 -12.784 2.405 -0.872494433905 0.791230936175 2.96700000763
20.168 -12.752 2.396 -0.792373513316 0.731675888489 3.02600002289
20.132 -12.709 2.409 -0.815720460272 0.733820045443 3.08000016212
20.083 -12.676 2.436 -0.874897633757 0.745320123216 3.12900018692
20.035 -12.639 2.39 -0.851212350871 0.795522426217 3.17900013924
19.979 -12.634 2.52 -1.00489326487 0.719821245199 3.23100018501
19.929 -12.617 2.576 -1.07211796457 0.680546137981 3.28000020981
19.857 -12.604 2.672 -1.12018674164 0.568442738026 3.33800005913
19.795 -12.591 2.717 -1.17469932034 0.531072704402 3.38800001144
19.742 -12.569 2.689 -1.08156192384 0.525916744463 3.44500017166
19.682 -12.536 2.679 -1.07617896432 0.536671078782 3.5
19.647 -12.508 2.573 -0.974298186286 0.622561730051 3.5600001812
19.603 -12.473 2.603 -0.997496427402 0.59602227586 3.61200022697
19.545 -12.438 2.626 -1.0610771734 0.601338249626 3.67000007629
19.506 -12.4 2.591 -1.04818646043 0.64350361779 3.72300004959
19.439 -12.367 2.643 -1.11492104356 0.607048339474 3.77700018883
19.382 -12.333 2.619 -1.13147936877 0.651742923771 3.83000016212
19.316 -12.292 2.63 -1.11126909847 0.623923755971 3.89100003242
19.256 -12.259 2.613 -1.0995507345 0.642168506835 3.94400000572
19.21 -12.224 2.648 -1.07392196579 0.577782690679 4.0
19.159 -12.214 2.668 -1.03136135013 0.52856634242 4.0490000248
19.127 -12.191 2.693 -0.946472599892 0.455556668763 4.10700011253
19.064 -12.163 2.732 -1.03154815963 0.44784353309 4.15600013733
18.988 -12.135 2.722 -1.06241872414 0.473928050257 4.21200013161
18.951 -12.105 2.637 -0.994300323549 0.549133023877 4.26400017738
18.923 -12.088 2.579 -0.910900038463 0.574383650583 4.31200003624
18.911 -12.06 2.502 -0.813387966524 0.605088139328 4.37700009346
18.873 -12.021 2.497 -0.781472050827 0.587437961539 4.42800021172
18.82 -11.989 2.489 -0.812200308593 0.620767508726 4.48400020599
18.761 -11.937 2.445 -0.832380943741 0.696270294436 4.54600000381
18.676 -11.867 2.416 -0.868530445193 0.770396554092 4.6210000515
18.603 -11.797 2.429 -0.878714819377 0.759250747814 4.68099999428
18.544 -11.746 2.421 -0.864260783842 0.758922083746 4.74000000954
18.519 -11.709 2.425 -0.878921496189 0.765591071234 4.79400014877
18.475 -11.664 2.498 -0.947928508117 0.711081980902 4.85199999809
18.431 -11.611 2.41 -0.893487257326 0.802163745461 4.91000008583
18.384 -11.573 2.431 -0.920924231431 0.792510271482 4.96400022507
18.345 -11.54 2.457 -0.929164276765 0.758463500023 5.02500009537
18.269 -11.501 2.491 -0.91751468165 0.698357102049 5.09400010109
18.213 -11.493 2.565 -0.939490817561 0.610959655538 5.14100003242
18.169 -11.441 2.48 -0.88081661307 0.685856702701 5.1970000267
18.066 -11.42 2.47 -0.919528154857 0.730886734282 5.24500012398
18.036 -11.359 2.396 -0.848620336561 0.783614076326 5.30000019073
17.975 -11.314 2.447 -0.905232749985 0.754137286435 5.35700011253
17.903 -11.264 2.432 -0.942609636548 0.809532595692 5.41600012779
17.834 -11.224 2.417 -0.897105962205 0.794141848806 5.47600007057
17.749 -11.202 2.417 -0.961327920993 0.850992819857 5.52500009537
17.658 -11.151 2.422 -1.01372767011 0.888377669201 5.58600020409
17.6 -11.109 2.455 -1.03235134415 0.846139716979 5.64200019836
17.526 -11.065 2.437 -1.10415334762 0.938717868682 5.70100021362
17.462 -11.027 2.427 -1.10390083088 0.957684781388 5.75300002098
17.41 -10.968 2.358 -1.02133287259 1.01765146238 5.80599999428
17.355 -10.91 2.382 -1.0521978166 0.999247470954 5.85500001907
17.305 -10.871 2.38 -1.00757339997 0.960708590608 5.91200017929
17.258 -10.858 2.42 -0.950007129083 0.835901433842 5.97100019455
17.229 -10.839 2.438 -0.90094357016 0.764404228329 6.02800011635
17.169 -10.797 2.509 -0.940087985921 0.689172099098 6.08800005913
17.143 -10.776 2.507 -0.891953690623 0.656631830769 6.14500021935
17.098 -10.749 2.481 -0.795242987126 0.617947524898 6.20100021362
17.031 -10.707 2.48 -0.90035577427 0.701071066822 6.25100016594
16.951 -10.646 2.484 -0.956803948921 0.738896360209 6.31100010872
16.88 -10.597 2.515 -1.04574417205 0.7570235364 6.36400008202
16.81 -10.547 2.514 -1.0521963385 0.763299073141 6.42200016975
16.719 -10.498 2.524 -1.07423712264 0.763010159419 6.48000001907
16.68 -10.457 2.484 -1.01162641919 0.781233271323 6.53900003433
16.609 -10.42 2.531 -1.07834007437 0.754623878023 6.59500002861
16.54 -10.369 2.522 -1.10125020105 0.785515412385 6.65600013733
16.492 -10.337 2.57 -1.12688992852 0.72483569475 6.70700001717
16.456 -10.29 2.525 -1.04947643415 0.743845298078 6.76300001144
16.424 -10.243 2.486 -0.98074377738 0.754257555965 6.8180000782
16.396 -10.198 2.41 -0.863083611047 0.77486766197 6.87900018692
16.372 -10.162 2.41 -0.801799343105 0.719847271352 6.94100022316
16.312 -10.107 2.397 -0.796897800463 0.73437858309 7.00100016594
16.262 -10.05 2.403 -0.82921969158 0.755014601512 7.06300020218
16.235 -10.021 2.428 -0.838482065136 0.725953504713 7.12400007248
16.209 -9.984 2.395 -0.765525465318 0.708304034684 7.1740000248
16.184 -9.958 2.399 -0.76374879965 0.701010699286 7.22600007057
16.12 -9.895 2.361 -0.731952899303 0.724951676184 7.28299999237
16.055 -9.811 2.379 -0.810679345836 0.774521757886 7.34200000763
15.986 -9.749 2.393 -0.804046137356 0.746935670732 7.39900016785
15.934 -9.671 2.321 -0.749458616542 0.804160019596 7.46600008011
15.871 -9.629 2.356 -0.785879028418 0.786184779414 7.52600002289
15.837 -9.61 2.368 -0.75572744505 0.738091333486 7.57800006866
15.799 -9.583 2.396 -0.723274828382 0.667870320985 7.63300013542
15.755 -9.556 2.383 -0.65369830992 0.619559800194 7.69600009918
15.72 -9.517 2.348 -0.667597412636 0.678629301169 7.75200009346
15.682 -9.486 2.321 -0.691943000155 0.742446459727 7.80800008774
15.653 -9.477 2.357 -0.646401287504 0.64536076028 7.875
15.644 -9.525 2.345 -0.565258903454 0.578058291239 7.92300009727
15.61 -9.53 2.352 -0.606005008596 0.61111021641 7.97300004959
15.572 -9.54 2.446 -0.667590072557 0.557292216124 8.02800011635
15.491 -9.438 2.424 -0.767266116964 0.66968342644 8.08900022507
15.429 -9.368 2.441 -0.835306609199 0.704415732543 8.14500021935
15.379 -9.326 2.388 -0.798885249133 0.749617709128 8.20399999619
15.339 -9.275 2.42 -0.82268365265 0.723870825593 8.25500011444
15.281 -9.201 2.429 -0.817825636789 0.706639643057 8.31300020218
15.229 -9.188 2.544 -0.878970066476 0.598234519573 8.37400007248
15.183 -9.165 2.554 -0.883049887895 0.588177170166 8.42900013924
15.126 -9.099 2.596 -0.885858408786 0.537766952948 8.48500013351
15.09 -9.036 2.514 -0.785453965811 0.569795067863 8.54700016975
15.053 -8.981 2.487 -0.752579290576 0.577587023462 8.60500001907
15.004 -8.962 2.568 -0.758808605213 0.49022749082 8.66600012779
14.968 -8.927 2.55 -0.653798307456 0.439264041473 8.72500014305
14.929 -8.881 2.534 -0.698801243118 0.485905552866 8.78100013733
14.855 -8.806 2.466 -0.698869339316 0.560072322619 8.83900022507
14.796 -8.761 2.523 -0.722536213406 0.514291533041 8.89700007439
14.745 -8.716 2.521 -0.73315436521 0.524061742147 8.95900011063
14.688 -8.656 2.494 -0.726507222619 0.549539328393 9.0110001564
14.629 -8.603 2.491 -0.744081645105 0.566350284912 9.06700015068
14.56 -8.532 2.458 -0.746899809688 0.608440063155 9.13900017738
14.517 -8.498 2.464 -0.768028203084 0.618022704881 9.19400000572
14.464 -8.452 2.452 -0.820484252436 0.676613580065 9.24700021744
14.404 -8.393 2.456 -0.880211824072 0.719972228884 9.30599999428
14.335 -8.339 2.455 -0.946797455085 0.776017714533 9.3630001545
14.253 -8.262 2.386 -0.962015168783 0.906312222508 9.43099999428
14.21 -8.199 2.343 -1.00029739502 1.02704874624 9.48200011253
14.147 -8.129 2.344 -1.01435178833 1.03939745482 9.54000020027
14.085 -8.057 2.359 -1.04778499228 1.04192228264 9.59900021553
14.012 -7.987 2.307 -0.968459570703 1.0687604992 9.66100001335
13.957 -7.949 2.337 -0.952428943917 0.989711926625 9.72000002861
13.917 -7.905 2.332 -0.936348339979 0.98278997538 9.78000020981
13.881 -7.88 2.353 -0.942655989469 0.94869792154 9.84000015259
13.834 -7.849 2.336 -0.830380466963 0.864614683808 9.89800000191
13.799 -7.804 2.321 -0.793134622959 0.851023845565 9.95500016212
13.756 -7.781 2.367 -0.733219745873 0.717542905671 10.0140001774
13.705 -7.752 2.357 -0.672226512632 0.671144413941 10.0830001831
13.675 -7.724 2.3 -0.603964555218 0.675965369324 10.1360001564
13.639 -7.683 2.295 -0.579120861493 0.654719482246 10.1940000057
13.595 -7.644 2.27 -0.572711089742 0.681046512378 10.2570002079
13.546 -7.615 2.368 -0.617874611468 0.60345551679 10.3180000782
13.497 -7.584 2.381 -0.623737951876 0.593536640363 10.3760001659
13.449 -7.548 2.344 -0.585315026218 0.599767216383 10.4270000458
13.429 -7.499 2.403 -0.620617646792 0.565079905895 10.4790000916
13.397 -7.457 2.345 -0.580390540696 0.593532560313 10.5430002213
13.351 -7.424 2.346 -0.643282660411 0.656534088577 10.5990002155
13.277 -7.39 2.392 -0.694160403022 0.646149407936 10.6579999924
13.202 -7.35 2.441 -0.719785197755 0.606996295452 10.7150001526
13.15 -7.309 2.386 -0.689591208818 0.649662252079 10.7730000019
13.106 -7.263 2.34 -0.655442538229 0.67702302534 10.8330001831
13.047 -7.219 2.295 -0.6231777295 0.704527547762 10.8900001049
12.996 -7.153 2.254 -0.62463854439 0.767393902339 10.9460000992
12.964 -7.101 2.189 -0.57639038065 0.810446956434 10.9970002174
12.936 -7.03 2.109 -0.513495066318 0.860139467712 11.0570001602
12.902 -6.964 2.058 -0.46314326961 0.874182472082 11.1260001659
12.884 -6.906 2.045 -0.464633490993 0.90524964224 11.1760001183
12.866 -6.843 1.965 -0.409051635509 0.983350619456 11.2350001335
12.855 -6.79 1.903 -0.341894922779 0.991031527036 11.2940001488
12.845 -6.733 1.864 -0.310972927295 1.03003536279 11.3470001221
12.796 -6.668 1.956 -0.392031303653 0.966882343334 11.4000000954
12.745 -6.611 1.969 -0.419094066227 0.996236238075 11.4580001831
12.7 -6.537 1.914 -0.385172447087 1.07787118311 11.5170001984
12.682 -6.509 1.969 -0.425356441719 1.01112264641 11.5640001297
12.649 -6.473 2.025 -0.459217477707 0.940537178328 11.623000145
12.599 -6.435 2.105 -0.519691275174 0.878483430335 11.6780002117
12.555 -6.386 2.111 -0.51661478508 0.861446013536 11.737000227
12.512 -6.359 2.163 -0.550140564642 0.817746509146 11.7890000343
12.467 -6.301 2.222 -0.606233901177 0.795472487876 11.8410000801
12.404 -6.262 2.293 -0.721540810725 0.819025946497 11.8920001984
12.344 -6.225 2.331 -0.752200189678 0.791090849759 11.9560000896
