-12.029 3.247 -1.461 0.0607611272494 -0.551172970636 0.0190000534058
-12.026 3.26 -1.554 0.00830270578643 -0.494270270881 0.0710000991821
-12.013 3.291 -1.534 0.0158707581522 -0.431118974248 0.128000020981
-11.997 3.329 -1.599 -0.0119954906381 -0.425203830337 0.184000015259
-11.982 3.377 -1.722 -0.0762738933623 -0.500594542095 0.241000175476
-11.97 3.393 -1.731 -0.0858331744051 -0.531183862375 0.297000169754
-11.961 3.394 -1.742 -0.0889940555736 -0.514725283153 0.357000112534
-11.96 3.396 -1.668 -0.051987716387 -0.533147310151 0.412000179291
-11.952 3.393 -1.66 -0.0471068540239 -0.52668055346 0.47000002861
-11.962 3.386 -1.708 -0.0709844068869 -0.514114685691 0.529000043869
-11.966 3.377 -1.608 -0.0172636553551 -0.463816827258 0.589000225067
-11.825 3.639 0.713 0.461172836528 0.398803146569 0.644000053406
-11.795 3.667 0.681 0.509411576443 0.412784680805 0.705000162125
-11.773 3.688 0.603 0.53849203781 0.370778697371 0.764000177383
-11.744 3.744 0.625 0.609562050702 0.4397895354 0.819000005722
-11.719 3.787 0.66 0.605209098589 0.469705754713 0.881000041962
-11.705 3.833 0.772 0.547203289074 0.532733256919 0.936000108719
-11.666 3.879 0.819 0.520731103454 0.5569570394 0.992000102997
-11.67 3.896 0.792 0.48816796991 0.494656510807 1.04400014877
-11.7 3.817 0.742 0.399384812273 0.366141503365 1.09400010109
-11.697 3.85 0.802 0.390587034502 0.403776133777 1.15799999237
-11.688 3.887 0.842 0.385058469596 0.431316184594 1.21800017357
-11.675 3.912 0.88 0.376441639015 0.455367944431 1.26900005341
-11.668 3.945 0.872 0.393924603348 0.468827903911 1.32700014114
-11.669 3.966 0.857 0.412959725454 0.476775496087 1.375
-11.659 3.998 0.878 0.389933202251 0.469771803265 1.43200016022
-11.713 3.899 1.453 0.0336238779409 0.28411932218 1.49300003052
-11.734 3.93 1.519 0.0180159757577 0.347512314974 1.55400013924
-11.739 3.959 1.547 0.0106483509321 0.447394298202 1.60900020599
-11.746 3.988 1.539 0.0147153085202 0.462643033909 1.66100001335
-11.772 4.036 1.665 -0.0520242931939 0.550618746465 1.71400022507
-11.778 4.05 1.755 -0.111319226358 0.597476205725 1.75900006294
-11.795 4.085 1.771 -0.129717038953 0.639245540369 1.81300020218
-11.83 4.121 1.769 -0.136654493001 0.680412778791 1.86100006104
-11.859 4.169 1.854 -0.185229517248 0.636470437111 1.92000007629
-11.894 4.197 1.914 -0.222022728591 0.621311059382 1.98000001907
-11.934 4.218 2.03 -0.301819145644 0.61040480022 2.03600001335
-11.97 4.234 2.086 -0.336984031521 0.595156771337 2.09500002861
-12.024 4.259 2.214 -0.442416856784 0.590254816625 2.14900016785
-12.056 4.259 2.261 -0.446913522332 0.541268159733 2.20200014114
-12.09 4.261 2.285 -0.464838589204 0.536229802964 2.25800013542
-12.09 4.253 2.229 -0.420224676854 0.543466180445 2.31600022316
-12.117 4.261 2.282 -0.457261058167 0.530696894701 2.37400007248
-12.132 4.274 2.203 -0.417491910375 0.569958459732 2.42500019073
-12.154 4.292 2.196 -0.432555758436 0.599278534777 2.47699999809
-12.192 4.297 2.323 -0.485776051092 0.519146190034 2.53600001335
-12.183 4.293 2.387 -0.483281876505 0.454387357054 2.58800005913
-12.197 4.283 2.502 -0.459294121758 0.341673883776 2.63700008392
-12.274 4.274 2.789 -0.551658570356 0.202993472292 2.69600009918
-12.295 4.281 2.748 -0.570045953682 0.236717758639 2.7570002079
-12.344 4.281 2.713 -0.58361192073 0.266663236846 2.81300020218
-12.428 4.244 2.877 -0.620029429384 0.167994032403 2.86600017548
-12.433 4.316 2.712 -0.668986437562 0.306481479308 2.91300010681
-12.481 4.358 2.678 -0.731298397544 0.365598964147 2.96700000763
-12.494 4.355 2.765 -0.754466136789 0.298366575674 3.02600002289
-12.419 4.329 2.823 -0.694513168367 0.229070050836 3.08000016212
-12.409 4.317 2.755 -0.640240700198 0.260627518397 3.12900018692
-12.446 4.314 2.886 -0.635785135281 0.166135611609 3.17900013924
-12.47 4.296 3.056 -0.614090667413 0.0526903843729 3.23100018501
-12.486 4.268 -3.067 -0.606616452229 -0.0453332411054 3.28000020981
-12.525 4.255 -3.022 -0.615106879825 -0.0739149877661 3.33800005913
-12.556 4.247 -2.92 -0.621168894763 -0.139944577681 3.38800001144
-12.567 4.235 -2.923 -0.652781495089 -0.145010293791 3.44500017166
-12.594 4.246 -3.082 -0.64731789181 -0.0386211199097 3.5
-12.62 4.248 -3.057 -0.645029210883 -0.0546952597876 3.5600001812
-12.63 4.28 3.096 -0.641907258548 0.0292865506424 3.61200022697
-12.629 4.347 2.923 -0.62381070063 0.138574658824 3.67000007629
-12.608 4.433 2.66 -0.577736747982 0.301946511357 3.72300004959
-12.609 4.485 2.618 -0.540361924709 0.311973691906 3.77700018883
-12.611 4.541 2.556 -0.563688894444 0.373833517097 3.83000016212
-12.615 4.573 2.628 -0.546732979404 0.308403853341 3.89100003242
-12.626 4.589 2.657 -0.522467526852 0.275059457183 3.94400000572
-12.634 4.628 2.512 -0.459418397392 0.334682176607 4.0
-12.635 4.71 2.488 -0.494689795938 0.378877391639 4.0490000248
-12.656 4.728 2.528 -0.464139517458 0.326884164116 4.10700011253
-12.674 4.748 2.529 -0.46138170623 0.324252146688 4.15600013733
-12.686 4.754 2.584 -0.416977665727 0.26002768546 4.21200013161
-12.702 4.763 2.604 -0.409084915703 0.243880876596 4.26400017738
-12.723 4.809 2.526 -0.445406581528 0.315025479827 4.31200003624
-12.742 4.861 2.409 -0.42014711157 0.37796326992 4.37700009346
-12.756 4.926 2.275 -0.422089471569 0.496868168221 4.42800021172
-12.768 4.963 2.232 -0.419260589799 0.538870833727 4.48400020599
-12.779 4.997 2.167 -0.392046839096 0.577747601297 4.54600000381
-12.83 5.024 2.255 -0.464034113648 0.568921837274 4.6210000515
-12.852 5.06 2.214 -0.425540153163 0.567738595897 4.68099999428
-12.874 5.097 2.231 -0.387619128866 0.499231702682 4.74000000954
-12.884 5.121 2.28 -0.412630183814 0.480839717675 4.79400014877
-12.913 5.152 2.219 -0.417682214389 0.55148752754 4.85199999809
-12.918 5.17 2.261 -0.469694442639 0.568858702859 4.91000008583
-12.928 5.182 2.32 -0.486369246505 0.52291576344 4.96400022507
-12.939 5.203 2.344 -0.468466718852 0.480033772155 5.02500009537
-12.947 5.242 2.331 -0.460253342921 0.484049609601 5.09400010109
-12.957 5.264 2.204 -0.416765178718 0.567774439073 5.14100003242
-12.969 5.271 2.169 -0.390176822495 0.572524034503 5.1970000267
-12.978 5.29 2.059 -0.320012975932 0.602566823862 5.24500012398
-12.967 5.319 1.979 -0.260533599099 0.602393713563 5.30000019073
-12.966 5.334 1.955 -0.241889971945 0.598300328076 5.35700011253
-12.967 5.351 1.928 -0.204941997585 0.549127756766 5.41600012779
-12.996 5.369 2.003 -0.275964744515 0.59824449493 5.47600007057
-13.012 5.378 2.009 -0.247785958941 0.528792881489 5.52500009537
-13.011 5.394 1.829 -0.13489348184 0.510768600756 5.58600020409
-13.031 5.407 1.827 -0.13897053766 0.530501595913 5.64200019836
-13.073 5.413 1.939 -0.185788113954 0.481568324965 5.70100021362
-13.108 5.428 2.066 -0.256254609015 0.474465664611 5.75300002098
-13.109 5.445 1.974 -0.224603493683 0.526527933969 5.80599999428
-13.129 5.47 2.07 -0.275937980053 0.506058485913 5.85500001907
-13.146 5.493 2.093 -0.304818857339 0.529666883461 5.91200017929
-13.174 5.509 2.174 -0.338086322032 0.490797970178 5.97100019455
-13.182 5.548 2.074 -0.326520056945 0.593166379708 6.02800011635
-13.193 5.583 2.055 -0.319870416613 0.608158420789 6.08800005913
-13.185 5.606 1.999 -0.273650121244 0.59952004936 6.14500021935
-13.147 5.609 1.979 -0.258093875337 0.596752697346 6.20100021362
-13.121 5.607 1.892 -0.192872882228 0.579675165676 6.25100016594
-13.108 5.607 1.909 -0.201786916813 0.573719448375 6.31100010872
-13.084 5.613 1.834 -0.164420595366 0.6101971594 6.36400008202
-13.074 5.607 1.78 -0.132413253006 0.623678592569 6.42200016975
-13.076 5.626 1.842 -0.182240831379 0.655414218048 6.48000001907
-13.083 5.654 1.846 -0.185286572798 0.656187084577 6.53900003433
-13.089 5.674 1.915 -0.242677491916 0.676974464486 6.59500002861
-13.106 5.681 1.996 -0.298542379294 0.659283448715 6.65600013733
-13.131 5.696 2.036 -0.343681102306 0.684696549019 6.70700001717
-13.145 5.719 2.031 -0.350563829692 0.707206147872 6.76300001144
-13.156 5.74 2.014 -0.324530928271 0.683654544766 6.8180000782
-13.167 5.761 2.084 -0.3491160264 0.619469782507 6.87900018692
-13.177 5.761 2.082 -0.315380927587 0.56223641141 6.94100022316
-13.158 5.766 2.111 -0.310646732516 0.517997930125 7.00100016594
-13.169 5.746 2.202 -0.290847981682 0.39789868029 7.06300020218
-13.188 5.718 2.4 -0.36157584666 0.331208642341 7.12400007248
-13.204 5.696 2.507 -0.3586929678 0.264059919933 7.1740000248
-13.234 5.69 2.669 -0.473106648188 0.24186718225 7.22600007057
-13.251 5.674 2.717 -0.482127620726 0.217966261641 7.28299999237
-13.286 5.673 2.779 -0.524945654827 0.199146390574 7.34200000763
-13.304 5.667 2.801 -0.567035607665 0.200959591183 7.39900016785
-13.33 5.669 2.817 -0.607050705945 0.204269056443 7.46600008011
-13.335 5.676 2.8 -0.619480095652 0.220243654119 7.52600002289
-13.344 5.671 2.797 -0.557598193119 0.200129047506 7.57800006866
-13.347 5.679 2.763 -0.541402144607 0.21535990663 7.63300013542
-13.369 5.677 2.743 -0.513207623872 0.216129840884 7.69600009918
-13.38 5.689 2.67 -0.496495126933 0.253198178967 7.75200009346
-13.38 5.681 2.704 -0.468929383037 0.219385307726 7.80800008774
-13.373 5.659 2.759 -0.438261178713 0.176365986297 7.875
-13.355 5.636 2.795 -0.440103896409 0.158953167338 7.92300009727
-13.367 5.624 2.83 -0.450236724864 0.145014260609 7.97300004959
-13.371 5.614 2.802 -0.461080021519 0.162889716694 8.02800011635
-13.385 5.612 2.679 -0.467498547425 0.233133110843 8.08900022507
-13.384 5.631 2.632 -0.438535284184 0.245064059016 8.14500021935
-13.382 5.64 2.555 -0.388176963351 0.257994825089 8.20399999619
-13.397 5.651 2.483 -0.412604514095 0.319294962923 8.25500011444
-13.422 5.67 2.485 -0.464610831404 0.358056782747 8.31300020218
-13.386 5.614 2.495 -0.381053385864 0.287635016292 8.37400007248
-13.342 5.589 2.404 -0.379992376104 0.345293287777 8.42900013924
-13.336 5.577 2.481 -0.358339833287 0.278449752638 8.48500013351
-13.344 5.587 2.486 -0.418937335179 0.322190828861 8.54700016975
-13.357 5.594 2.447 -0.440132801049 0.366668744872 8.60500001907
-13.365 5.606 2.342 -0.40586034749 0.417549008554 8.66600012779
-13.355 5.613 2.251 -0.332242938433 0.410684350642 8.72500014305
-13.336 5.604 2.2 -0.303715422096 0.417251249572 8.78100013733
-13.324 5.621 2.264 -0.325909027257 0.39231342907 8.83900022507
-13.304 5.627 2.342 -0.321698431665 0.330963253803 8.89700007439
-13.302 5.64 2.384 -0.368251723198 0.348321892022 8.95900011063
-13.303 5.625 2.345 -0.387191071625 0.395958396904 9.0110001564
-13.291 5.632 2.366 -0.410912721266 0.402932300158 9.06700015068
-13.297 5.633 2.33 -0.385109205781 0.405832254025 9.13900017738
-13.302 5.643 2.384 -0.399066624047 0.377469086427 9.19400000572
-13.303 5.64 2.371 -0.379588716982 0.36851189664 9.24700021744
-13.3 5.644 2.36 -0.325490992156 0.323023053681 9.30599999428
-13.31 5.655 2.334 -0.358558652867 0.374838706617 9.3630001545
-13.304 5.639 2.461 -0.410413633203 0.332288137269 9.43099999428
-13.29 5.616 2.314 -0.355642639702 0.386996530314 9.48200011253
-13.278 5.62 2.183 -0.314839968492 0.448359647872 9.54000020027
-13.275 5.639 2.085 -0.261143327003 0.462290022888 9.59900021553
-13.273 5.651 1.97 -0.196203010597 0.465096005145 9.66100001335
-13.249 5.648 1.927 -0.173185579303 0.465459004723 9.72000002861
-13.248 5.658 2.0 -0.223802936401 0.489018337552 9.78000020981
-13.258 5.658 2.021 -0.213486672044 0.441721278744 9.84000015259
-13.255 5.658 1.944 -0.171512423719 0.438030750352 9.89800000191
-13.259 5.656 1.871 -0.141534710841 0.457213377744 9.95500016212
-13.262 5.65 1.855 -0.121733250307 0.416736097397 10.0140001774
-13.266 5.655 1.963 -0.16951135909 0.409810742129 10.0830001831
-13.26 5.657 1.908 -0.167559742894 0.477931348386 10.1360001564
-13.275 5.664 1.892 -0.161927727101 0.486670188937 10.1940000057
-13.272 5.672 1.86 -0.161325176656 0.54218611847 10.2570002079
-13.284 5.71 1.85 -0.159132422682 0.555063372803 10.3180000782
-13.277 5.713 1.741 -0.0974196637537 0.566833335161 10.3760001659
-13.271 5.73 1.715 -0.0788954476914 0.543313615215 10.4270000458
-13.264 5.738 1.65 -0.0409545544641 0.515997276028 10.4790000916
-13.248 5.748 1.705 -0.0656464750406 0.48621537763 10.5430002213
-13.233 5.75 1.662 -0.0470966107531 0.514956818084 10.5990002155
-13.219 5.757 1.594 -0.012102924373 0.521501577549 10.6579999924
-13.209 5.766 1.649 -0.0411183717089 0.524713376227 10.7150001526
-13.194 5.764 1.491 0.0394538493029 0.493382028072 10.7730000019
-13.185 5.751 1.449 0.0533511911784 0.435867988089 10.8330001831
-13.174 5.75 1.442 0.0577378725821 0.445806638544 10.8900001049
-13.162 5.748 1.406 0.0771717568659 0.464038758819 10.9460000992
-13.16 5.758 1.477 0.050631789422 0.538221719651 10.9970002174
-13.153 5.756 1.475 0.0552566455759 0.575048282259 11.0570001602
-13.141 5.76 1.44 0.0844223537002 0.641764048576 11.1260001659
-13.12 5.76 1.338 0.148502765949 0.626343061233 11.1760001183
-13.1 5.75 1.089 0.253088559533 0.484013021265 11.2350001335
-13.078 5.738 1.02 0.287904656515 0.46874632709 11.2940001488
-13.07 5.729 0.984 0.317205303351 0.477053781344 11.3470001221
-13.071 5.726 1.0 0.308797355966 0.480923387534 11.4000000954
-13.067 5.719 0.965 0.300673179117 0.434072243674 11.4580001831
-13.059 5.726 0.948 0.312507666039 0.435163212102 11.5170001984
-13.057 5.737 0.961 0.339363994554 0.485766316066 11.5640001297
-13.055 5.75 1.06 0.302442180059 0.539685336219 11.623000145
-13.038 5.76 1.05 0.326855416502 0.569812051739 11.6780002117
-13.019 5.781 0.977 0.398947386172 0.590973698104 11.737000227
-12.997 5.789 0.916 0.386594790079 0.503509539441 11.7890000343
-12.976 5.796 0.827 0.384563473141 0.417969597159 11.8410000801
-12.971 5.79 0.774 0.415302592519 0.405941512625 11.8920001984
-12.948 5.804 0.678 0.472538766769 0.380563275686 11.9560000896
