0.14 -2.983 -1.897 -0.227010070045 -0.67105438665 0.0190000534058
0.126 -3.024 -1.847 -0.186720967729 -0.658747296626 0.0710000991821
0.186 -3.042 -1.788 -0.140005508452 -0.634413084108 0.128000020981
0.173 -3.073 -1.799 -0.150636717511 -0.648599092184 0.184000015259
0.164 -3.117 -1.838 -0.176776966931 -0.645760740803 0.241000175476
0.258 -3.039 -1.614 -0.023389714469 -0.541045660604 0.297000169754
0.277 -3.014 -1.488 0.0417482625692 -0.503075710602 0.357000112534
0.282 -3.008 -1.595 -0.0126890131089 -0.52415743214 0.412000179291
0.284 -3.041 -1.555 0.0081258612284 -0.514371819286 0.47000002861
0.288 -3.075 -1.556 0.00800031871176 -0.540656811255 0.529000043869
0.289 -3.105 -1.611 -0.0211952539744 -0.52691287907 0.589000225067
0.247 -3.039 -1.539 0.0143269818296 -0.45043420811 0.644000053406
0.232 -3.03 -1.582 -0.0055543848817 -0.495743884918 0.705000162125
0.223 -3.051 -1.73 -0.0779763424969 -0.485644796364 0.764000177383
0.209 -3.033 -1.641 -0.0326794174969 -0.464729421062 0.819000005722
0.2 -3.015 -1.649 -0.0326867625703 -0.417117235761 0.881000041962
0.205 -2.997 -1.601 -0.00963679858286 -0.318963455578 0.936000108719
0.201 -3.02 -1.712 -0.0460695727005 -0.32409198844 0.992000102997
0.181 -2.961 -1.74 -0.0250093785847 -0.146393098126 1.04400014877
0.173 -2.967 -2.55 -0.138988314207 -0.0933813500586 1.09400010109
0.164 -2.978 -2.603 -0.104260785586 -0.0622977175665 1.15799999237
0.165 -2.993 -1.396 0.0259040545086 -0.146683251154 1.21800017357
0.159 -2.99 -2.11 -0.0809432685957 -0.135277985253 1.26900005341
0.153 -3.005 -2.443 -0.111199637046 -0.0933949560194 1.32700014114
0.186 -2.996 -2.631 -0.116746697972 -0.0653941519445 1.375
0.179 -3.007 -2.239 -0.091542499687 -0.115974278403 1.43200016022
0.242 -3.105 -1.466 0.0227524452407 -0.216315721381 1.49300003052
0.241 -3.114 -1.187 0.0714115799961 -0.176839520579 1.55400013924
0.262 -3.142 -0.801 0.165383691329 -0.170626492721 1.60900020599
0.222 -2.909 1.367 0.0545186162263 0.263801345449 1.66100001335
0.255 -2.818 1.499 0.0377423311321 0.524782537328 1.71400022507
0.256 -2.784 1.36 0.112201932959 0.524369136545 1.75900006294
0.259 -2.76 1.466 0.0547028788979 0.520080043495 1.81300020218
0.26 -2.738 1.39 0.0917533479302 0.501953998475 1.86100006104
0.263 -2.713 1.45 0.0593213443097 0.488694736654 1.92000007629
0.266 -2.684 1.398 0.077767422213 0.445564269261 1.98000001907
0.275 -2.66 1.301 0.117468698188 0.424781862338 2.03600001335
0.233 -2.751 1.637 -0.0300582001711 0.453362654799 2.09500002861
0.272 -2.745 1.619 -0.025687475814 0.532481764746 2.14900016785
0.28 -2.743 1.605 -0.0191311038028 0.559110791088 2.20200014114
0.269 -2.695 1.69 -0.0673757286144 0.562535520949 2.25800013542
0.283 -2.702 1.721 -0.0849210236311 0.561114257314 2.31600022316
0.27 -2.663 1.751 -0.105144534602 0.577146563846 2.37400007248
0.268 -2.637 1.643 -0.0400812244457 0.554148365208 2.42500019073
0.266 -2.61 1.681 -0.0641989478365 0.580187935533 2.47699999809
0.267 -2.573 1.67 -0.0542884528423 0.545445982448 2.53600001335
0.264 -2.549 1.654 -0.047703905962 0.572015284199 2.58800005913
0.264 -2.518 1.619 -0.0276792031092 0.573768751163 2.63700008392
0.206 -2.624 2.116 -0.302230375202 0.498298087901 2.69600009918
0.191 -2.61 2.09 -0.286870131314 0.501955656775 2.7570002079
0.317 -2.715 1.634 -0.0322589037607 0.509716219895 2.81300020218
0.425 -2.782 1.413 0.0780538351766 0.490536885543 2.86600017548
0.44 -2.756 1.35 0.103485915812 0.461052703934 2.91300010681
0.444 -2.734 1.313 0.115184770692 0.43686311752 2.96700000763
0.455 -2.708 1.266 0.139212276629 0.442506518121 3.02600002289
0.483 -2.705 1.396 0.0956731636103 0.541754985957 3.08000016212
0.499 -2.704 1.481 0.04349100991 0.483027020381 3.12900018692
0.475 -2.693 1.633 -0.0318278084084 0.511010777394 3.17900013924
0.459 -2.657 1.72 -0.081582923275 0.542725448048 3.23100018501
0.455 -2.648 1.731 -0.0905472880214 0.56035744352 3.28000020981
0.433 -2.623 1.797 -0.151623730249 0.658825578381 3.33800005913
0.416 -2.63 1.765 -0.130143648651 0.661693944628 3.38800001144
0.41 -2.594 1.761 -0.122806232793 0.637851563879 3.44500017166
0.405 -2.564 1.784 -0.120239759111 0.555395445582 3.5
0.41 -2.604 1.955 -0.181228194362 0.448257061968 3.5600001812
0.393 -2.582 2.118 -0.234234420329 0.384454512827 3.61200022697
0.377 -2.576 2.019 -0.247743371922 0.515228766159 3.67000007629
0.365 -2.594 1.972 -0.231268359333 0.545170659874 3.72300004959
0.341 -2.562 1.981 -0.253372318601 0.582634701864 3.77700018883
0.057 -2.145 2.659 -0.677065158405 0.354721654477 3.83000016212
-0.009 -2.095 2.663 -0.687725211517 0.356807908572 3.89100003242
-0.029 -2.022 2.299 -0.592822828995 0.664832310008 3.94400000572
-0.043 -1.977 2.133 -0.461443376188 0.732422309969 4.0
-0.058 -1.943 2.012 -0.359386917618 0.761006966752 4.0490000248
-0.082 -1.946 2.048 -0.316743643719 0.612583760226 4.10700011253
-0.083 -1.908 1.953 -0.2616039753 0.650804396368 4.15600013733
-0.084 -1.891 1.853 -0.185088914408 0.638365899318 4.21200013161
-0.141 -1.932 2.032 -0.324586191072 0.653158211356 4.26400017738
-0.152 -1.925 2.007 -0.292729015246 0.627970293121 4.31200003624
-0.146 -1.914 1.899 -0.190780056238 0.560262552254 4.37700009346
-0.176 -1.936 2.066 -0.27328901777 0.506005554185 4.42800021172
-0.169 -1.906 1.956 -0.225691468917 0.556631815632 4.48400020599
-0.187 -1.898 2.1 -0.299118792745 0.511447233693 4.54600000381
-0.174 -1.877 1.946 -0.211466920735 0.536906364215 4.6210000515
-0.174 -1.92 1.888 -0.155086808859 0.472409608225 4.68099999428
-0.176 -1.906 2.059 -0.228986818877 0.431169579156 4.74000000954
-0.19 -1.884 2.13 -0.245387488706 0.392092537276 4.79400014877
-0.205 -1.865 2.168 -0.2529466555 0.371958765135 4.85199999809
-0.218 -1.843 2.128 -0.217998134651 0.349882560882 4.91000008583
-0.224 -1.884 2.285 -0.242469858693 0.279709059384 4.96400022507
-0.208 -1.932 1.917 -0.0391389061972 0.108498493011 5.02500009537
-0.21 -1.927 1.362 0.0189796166167 0.0895753328159 5.09400010109
-0.215 -1.915 2.277 -0.0452707583682 0.053075569114 5.14100003242
-0.213 -1.916 2.089 -0.048625113273 0.0852804251877 5.1970000267
-0.21 -1.915 2.049 -0.0415616171818 0.0801837340252 5.24500012398
-0.245 -1.953 -2.082 -0.14967960986 -0.266837082867 5.30000019073
-0.26 -2.027 -1.761 -0.100304631692 -0.520978982369 5.35700011253
-0.264 -2.071 -1.733 -0.0982633707425 -0.60048014127 5.41600012779
-0.245 -1.925 3.119 -0.10110919003 0.00228471364559 5.47600007057
-0.237 -1.859 2.358 -0.201362632052 0.200636817315 5.52500009537
-0.266 -1.704 2.019 -0.302635912315 0.629388090133 5.58600020409
-0.282 -1.674 1.995 -0.270525039155 0.599004933861 5.64200019836
-0.324 -1.643 2.12 -0.323657074784 0.528842716194 5.70100021362
-0.356 -1.633 2.261 -0.363975819093 0.440820230185 5.75300002098
-0.384 -1.625 2.296 -0.37233930357 0.420097317693 5.80599999428
-0.403 -1.627 2.248 -0.345050608418 0.42914241142 5.85500001907
-0.439 -1.624 2.409 -0.4260812731 0.383301626496 5.91200017929
-0.483 -1.62 2.407 -0.433895507153 0.391904196662 5.97100019455
-0.512 -1.603 2.342 -0.446957491506 0.459829738476 6.02800011635
-0.539 -1.599 2.333 -0.445966998851 0.467150082908 6.08800005913
-0.556 -1.581 2.293 -0.463458972633 0.526075473599 6.14500021935
-0.589 -1.563 2.335 -0.495809687371 0.517284926939 6.20100021362
-0.629 -1.562 2.434 -0.548540213772 0.469194657296 6.25100016594
-0.659 -1.546 2.377 -0.560413541501 0.537566216155 6.31100010872
-0.69 -1.555 2.385 -0.506860622321 0.478469823572 6.36400008202
-0.709 -1.564 2.409 -0.482055091891 0.433655531111 6.42200016975
-0.739 -1.567 2.43 -0.456459638049 0.393605946114 6.48000001907
-0.788 -1.571 2.653 -0.569443035847 0.302705531707 6.53900003433
-0.839 -1.578 2.671 -0.589914745981 0.300096531729 6.59500002861
-0.886 -1.587 2.758 -0.604879949426 0.244120182365 6.65600013733
-0.84 -1.636 2.717 -0.449953826366 0.203420731831 6.70700001717
-0.868 -1.654 2.949 -0.485020674301 0.0945837520373 6.76300001144
-0.888 -1.688 -3.067 -0.52079476569 -0.0389196741907 6.8180000782
-0.913 -1.752 -2.657 -0.532192190829 -0.280179126171 6.87900018692
-0.953 -1.799 -2.534 -0.58151457607 -0.404351257769 6.94100022316
-1.004 -1.852 -2.496 -0.687229171234 -0.517671301841 7.00100016594
-1.042 -1.864 -2.473 -0.644209346644 -0.508903502366 7.06300020218
-1.072 -1.863 -2.449 -0.606687944789 -0.50337152281 7.12400007248
-1.094 -1.854 -2.579 -0.622102213435 -0.39227722615 7.1740000248
-1.134 -1.845 -2.601 -0.666874120161 -0.400281529611 7.22600007057
-1.186 -1.826 -2.699 -0.708465271974 -0.335778305565 7.28299999237
-1.217 -1.791 -2.692 -0.675161044113 -0.325800829947 7.34200000763
-1.232 -1.766 -2.813 -0.66040344989 -0.225166645242 7.39900016785
-1.27 -1.776 -2.765 -0.614632670806 -0.24306703289 7.46600008011
-1.289 -1.774 -2.658 -0.598534557219 -0.314341857186 7.52600002289
-1.318 -1.784 -2.653 -0.60239550081 -0.320222461057 7.57800006866
-1.327 -1.803 -2.61 -0.546816265014 -0.321559910072 7.63300013542
-1.342 -1.827 -2.559 -0.503198679001 -0.331547697137 7.69600009918
-1.359 -1.851 -2.553 -0.500352821622 -0.333995163574 7.75200009346
-1.391 -1.884 -2.499 -0.506615934572 -0.379243318674 7.80800008774
-1.417 -1.903 -2.498 -0.506789999996 -0.38016499558 7.875
-1.429 -1.927 -2.498 -0.516103760444 -0.387151648236 7.92300009727
-1.448 -1.93 -2.545 -0.609834004026 -0.414166501805 7.97300004959
-1.464 -1.956 -2.472 -0.601072339667 -0.47580367347 8.02800011635
-1.488 -1.976 -2.445 -0.564958787623 -0.472576918489 8.08900022507
-1.49 -1.987 -2.48 -0.561199363203 -0.436983520852 8.14500021935
-1.509 -1.997 -2.531 -0.594369709111 -0.415940745901 8.20399999619
-1.562 -2.039 -2.495 -0.628605675042 -0.474497827048 8.25500011444
-1.529 -2.011 -2.45 -0.54078783601 -0.44778161278 8.31300020218
-1.512 -1.975 -2.466 -0.505852334013 -0.40538892705 8.37400007248
-1.496 -1.947 -2.445 -0.402093175746 -0.336343036169 8.42900013924
-1.485 -1.938 -2.409 -0.383351146804 -0.34486171387 8.48500013351
-1.487 -1.943 -2.262 -0.348752666077 -0.421523817303 8.54700016975
-1.477 -1.941 -2.101 -0.266024206077 -0.453818584398 8.60500001907
-1.457 -1.925 -1.903 -0.15097658486 -0.43762731024 8.66600012779
-1.448 -1.933 -1.781 -0.0802421499293 -0.376096211222 8.72500014305
-1.428 -1.924 -1.596 -0.00942739354174 -0.373969191238 8.78100013733
-1.409 -1.936 -1.603 -0.0120182333008 -0.373065467645 8.83900022507
-1.399 -1.95 -1.558 0.00578333400389 -0.451927996779 8.89700007439
-1.392 -1.979 -1.582 -0.00611471367092 -0.545754746015 8.95900011063
-1.383 -1.983 -1.639 -0.0350192244705 -0.51265431698 9.0110001564
-1.369 -2.008 -1.589 -0.0107481110839 -0.590371169748 9.06700015068
-1.391 -2.039 -1.665 -0.0575228278461 -0.608814563683 9.13900017738
-1.401 -2.062 -1.632 -0.0369778295466 -0.603422057136 9.19400000572
-1.409 -2.071 -1.69 -0.067349328026 -0.562315096339 9.24700021744
-1.411 -2.108 -1.682 -0.0721740083106 -0.646347851972 9.30599999428
-1.413 -2.121 -1.712 -0.0899353774496 -0.632680825981 9.3630001545
-1.395 -2.116 -1.698 -0.0835107598864 -0.652967388756 9.43099999428
-1.388 -2.155 -1.62 -0.0372920099003 -0.757299362925 9.48200011253
-1.392 -2.169 -1.625 -0.0390971462007 -0.720594136026 9.54000020027
-1.423 -2.165 -1.725 -0.102774786562 -0.661196135608 9.59900021553
-1.436 -2.173 -1.715 -0.0949167653897 -0.653644442834 9.66100001335
-1.441 -2.172 -1.699 -0.0775701904554 -0.601735786519 9.72000002861
-1.456 -2.213 -1.651 -0.0540161640292 -0.6720426907 9.78000020981
-1.445 -2.256 -1.583 -0.00932969624935 -0.764461071011 9.84000015259
-1.412 -2.284 -1.432 0.103058024041 -0.737738458591 9.89800000191
-1.413 -2.291 -1.377 0.143628365467 -0.731828953194 9.95500016212
-1.425 -2.301 -1.371 0.138169851178 -0.682326985544 10.0140001774
-1.41 -2.332 -1.379 0.133067530047 -0.685267805366 10.0830001831
-1.392 -2.359 -1.427 0.0983245994147 -0.679057435326 10.1360001564
-1.38 -2.382 -1.473 0.0691491082384 -0.704817038125 10.1940000057
-1.394 -2.392 -1.481 0.0621422100521 -0.690174052603 10.2570002079
-1.368 -2.445 -1.543 0.0208283574735 -0.749127505445 10.3180000782
-1.393 -2.54 -1.503 0.0584907884237 -0.861420509905 10.3760001659
-1.399 -2.64 -1.515 0.0541144907865 -0.968850913303 10.4270000458
-1.394 -2.744 -1.465 0.112296381225 -1.05747618075 10.4790000916
-1.379 -2.835 -1.509 0.0678768133728 -1.09699706346 10.5430002213
-1.308 -2.895 -1.359 0.214333514409 -0.996802245596 10.5990002155
-1.266 -2.929 -1.298 0.243069406957 -0.868815632186 10.6579999924
-1.233 -2.975 -1.225 0.309804415569 -0.859918175539 10.7150001526
-1.191 -3.004 -1.191 0.353546808853 -0.885690270105 10.7730000019
-1.153 -3.043 -1.233 0.324864763499 -0.924857172732 10.8330001831
-1.137 -3.046 -1.218 0.314623802704 -0.854490040876 10.8900001049
-1.139 -3.017 -1.247 0.262443013744 -0.781992797273 10.9460000992
-1.127 -3.016 -1.23 0.26759005586 -0.754554649849 10.9970002174
-1.112 -2.983 -1.296 0.19662276964 -0.697420096433 11.0570001602
-1.048 -3.009 -1.162 0.308037454568 -0.711072979315 11.1260001659
-1.016 -3.019 -1.142 0.31410618339 -0.687074024773 11.1760001183
-0.966 -3.054 -1.062 0.387733611945 -0.695137799065 11.2350001335
-0.971 -3.058 -1.045 0.361026086035 -0.622154058942 11.2940001488
-1.001 -2.993 -0.959 0.263811657024 -0.376016458654 11.3470001221
-1.021 -2.975 -1.081 0.208636290525 -0.391344771872 11.4000000954
-1.027 -2.955 -1.186 0.16000049195 -0.395077647539 11.4580001831
-1.039 -2.944 -1.4 0.072543336327 -0.420597828357 11.5170001984
-1.059 -2.932 -1.525 0.0227170189987 -0.495697731054 11.5640001297
-1.072 -2.947 -1.536 0.0185054752278 -0.531608006229 11.623000145
-1.074 -2.978 -1.59 -0.00882300781853 -0.459387280317 11.6780002117
-1.075 -3.006 -1.494 0.0345573013353 -0.449101410558 11.737000227
-1.073 -3.03 -1.589 -0.00822929871719 -0.452018096199 11.7890000343
-1.072 -3.047 -1.526 0.0186041863244 -0.415028230698 11.8410000801
-1.129 -2.981 -1.595 -0.0117110865697 -0.483761267425 11.8920001984
-1.116 -2.988 -1.573 -0.00110662869611 -0.502173780676 11.9560000896
