-34.69 -0.776 0.817 0.253833879224 0.270406350516 7.00100016594
-34.687 -0.776 0.824 0.128282779629 0.138589666118 7.06300020218
-34.678 -0.764 0.865 0.148868095671 0.174677451766 7.12400007248
-34.662 -0.737 1.208 0.125386869512 0.330314247797 7.1740000248
-34.642 -0.717 1.157 0.204703875018 0.466134283181 7.22600007057
-34.628 -0.689 1.158 0.228933005103 0.522726041798 7.28299999237
-34.601 -0.651 1.128 0.264314488163 0.557388990774 7.34200000763
-34.58 -0.604 1.099 0.287988479003 0.564431184732 7.39900016785
-34.518 -0.592 0.915 0.392284375081 0.509863437762 7.46600008011
-34.463 -0.577 0.737 0.504013222763 0.457444088146 7.52600002289
-34.41 -0.562 0.719 0.512186192796 0.448316677799 7.57800006866
-34.34 -0.585 0.552 0.622225656429 0.383204136305 7.63300013542
-34.265 -0.58 0.425 0.742870093238 0.336210488641 7.69600009918
-34.185 -0.597 0.301 0.8471543422 0.262984052209 7.75200009346
-34.14 -0.589 0.3 0.810987056292 0.250867694475 7.80800008774
-34.074 -0.584 0.255 0.854590871924 0.22277028039 7.875
-34.036 -0.576 0.352 0.812238532089 0.29833248805 7.92300009727
-34.001 -0.554 0.312 0.818402490417 0.263962744348 7.97300004959
-33.972 -0.54 0.267 0.841611499434 0.23020685221 8.02800011635
-33.974 -0.543 0.22 0.761871427923 0.170369247984 8.08900022507
-33.947 -0.551 0.222 0.685101950239 0.154641469285 8.14500021935
-33.93 -0.548 0.229 0.698188422204 0.162739891597 8.20399999619
-33.903 -0.521 0.276 0.669304533622 0.189566138054 8.25500011444
-33.851 -0.491 0.401 0.661260059764 0.280356062052 8.31300020218
-33.829 -0.475 0.445 0.683519075974 0.325972408558 8.37400007248
-33.796 -0.452 0.509 0.667290028199 0.372378909428 8.42900013924
-33.764 -0.437 0.414 0.66639899438 0.292812472331 8.48500013351
-33.73 -0.415 0.445 0.625471281472 0.298289231818 8.54700016975
-33.678 -0.398 0.446 0.718197336404 0.343392543226 8.60500001907
-33.623 -0.366 0.402 0.805977819383 0.342663666412 8.66600012779
-33.575 -0.346 0.352 0.862714442688 0.316872120684 8.72500014305
-33.533 -0.319 0.407 0.829407931777 0.357532151945 8.78100013733
-33.492 -0.286 0.446 0.824327958573 0.394136903326 8.83900022507
-33.437 -0.249 0.492 0.808495377238 0.433321101034 8.89700007439
-33.426 -0.211 0.486 0.796429403865 0.420722630405 8.95900011063
-33.387 -0.187 0.458 0.845162820298 0.41663171124 9.0110001564
-33.38 -0.139 0.659 0.686191338285 0.531457810072 9.06700015068
-33.348 -0.092 0.651 0.724407804111 0.551841920293 9.13900017738
-33.34 -0.063 0.64 0.65562825992 0.488143970597 9.19400000572
-33.324 -0.034 0.708 0.60293622142 0.516147802711 9.24700021744
-33.302 -0.015 0.659 0.647271437646 0.501314198505 9.30599999428
-33.266 0.021 0.718 0.606930524015 0.530175416483 9.3630001545
-33.253 0.067 0.819 0.517513716526 0.553515827061 9.43099999428
-33.27 0.08 0.89 0.432035338572 0.533390595292 9.48200011253
-33.261 0.099 0.864 0.438772904173 0.513801587704 9.54000020027
-33.252 0.127 0.817 0.46754892095 0.498074558795 9.59900021553
-33.227 0.149 0.813 0.499780349574 0.528160615779 9.66100001335
-33.211 0.165 0.754 0.535269089377 0.502669025286 9.72000002861
-33.19 0.188 0.757 0.515256902621 0.486792877172 9.78000020981
-33.174 0.189 0.718 0.525119526301 0.458710597909 9.84000015259
-33.125 0.217 0.757 0.562566430344 0.531488913267 9.89800000191
-33.092 0.238 0.735 0.62097317072 0.561336437416 9.95500016212
-33.064 0.227 0.68 0.663631877981 0.536653467037 10.0140001774
-33.052 0.221 0.721 0.563401540681 0.495139078537 10.0830001831
-33.023 0.22 0.703 0.589527293203 0.499582958767 10.1360001564
-33.021 0.23 0.754 0.577898463603 0.542702097279 10.1940000057
-32.986 0.241 0.742 0.58433595395 0.535697998709 10.2570002079
-32.974 0.212 0.717 0.531823799461 0.463630197561 10.3180000782
-32.927 0.203 0.64 0.51348806857 0.382314369238 10.3760001659
-32.906 0.201 0.719 0.449030322423 0.393036331731 10.4270000458
-32.912 0.216 0.789 0.387337035565 0.390137383495 10.4790000916
-32.902 0.221 0.849 0.360306231452 0.409322118778 10.5430002213
-32.879 0.235 0.843 0.355776113833 0.399319157098 10.5990002155
-32.882 0.241 0.842 0.29692437387 0.332594393223 10.6579999924
-32.885 0.252 0.875 0.268606528429 0.321635266894 10.7150001526
-32.898 0.254 0.902 0.247010500627 0.312554070057 10.7730000019
-32.905 0.25 0.959 0.218447499739 0.311357944453 10.8330001831
-32.894 0.242 0.864 0.310322707624 0.363386841716 10.8900001049
-32.897 0.231 0.901 0.286403948657 0.361656437967 10.9460000992
-32.889 0.237 0.808 0.406059762894 0.424842887345 10.9970002174
-32.881 0.258 0.932 0.394126810446 0.530685747229 11.0570001602
-32.912 0.275 0.971 0.349621873017 0.511264291032 11.1260001659
-32.943 0.253 0.754 0.414173383066 0.388948539897 11.1760001183
-32.964 0.225 0.657 0.494156906973 0.381147693594 11.2350001335
-32.985 0.197 0.577 0.519544212431 0.338165669982 11.2940001488
-32.99 0.199 0.663 0.512488583967 0.400214205586 11.3470001221
-32.979 0.213 0.767 0.463207884701 0.446469601042 11.4000000954
-32.996 0.232 0.841 0.369681712977 0.413259605443 11.4580001831
-33.021 0.252 0.929 0.325864732744 0.436032961678 11.5170001984
-33.05 0.238 1.165 0.205004614325 0.477151591252 11.5640001297
-33.045 0.252 1.25 0.165100266371 0.496880754818 11.623000145
-33.043 0.255 1.227 0.177632562111 0.496160934454 11.6780002117
-33.064 0.248 1.308 0.143583786124 0.533733018506 11.737000227
-33.078 0.257 1.284 0.162783792436 0.551945775797 11.7890000343
-33.089 0.257 1.397 0.112324375516 0.639778574791 11.8410000801
-33.131 0.253 1.489 0.0534872931619 0.652449247462 11.8920001984
-33.196 0.213 1.684 -0.0862791655193 0.758900218816 11.9560000896
