-9.475 -3.853 -3.018 -0.141396160354 -0.0175650541188 8.48500013351
-9.474 -3.851 -3.038 -0.0743253997303 -0.0077272266003 8.54700016975
-9.483 -3.847 -1.284 0.0166704521192 -0.0565239664845 8.60500001907
-9.476 -3.861 -1.045 0.0426591542278 -0.0735142611033 8.66600012779
-9.462 -3.848 -0.085 0.206947146225 -0.017632994025 8.72500014305
-9.432 -3.841 -0.165 0.227305313714 -0.0378494858918 8.78100013733
-9.409 -3.811 0.31 0.247811479888 0.0793808330821 8.83900022507
-9.388 -3.692 1.095 0.234682398993 0.455446832932 8.89700007439
-9.359 -3.708 0.86 0.310488466725 0.360649697256 8.95900011063
-9.33 -3.759 0.705 0.316448838146 0.269257408138 9.0110001564
-9.318 -3.768 0.677 0.325333853358 0.261474581662 9.06700015068
-9.299 -3.743 0.865 0.322376732057 0.378267390406 9.13900017738
-9.28 -3.714 0.932 0.342842125891 0.461631700605 9.19400000572
-9.261 -3.684 0.989 0.346879799739 0.527382242551 9.24700021744
-9.239 -3.67 0.968 0.370116805764 0.537765208451 9.30599999428
-9.24 -3.678 1.18 0.241424058887 0.586000496968 9.3630001545
-9.239 -3.664 1.116 0.28057079771 0.573782763179 9.43099999428
-9.242 -3.656 1.171 0.23461700165 0.555236653129 9.48200011253
-9.258 -3.632 1.187 0.228688625909 0.566311331715 9.54000020027
-9.262 -3.637 1.165 0.237494952371 0.552773384207 9.59900021553
-9.251 -3.632 1.053 0.32705211312 0.574138839341 9.66100001335
-9.253 -3.63 0.977 0.369863976919 0.547891501013 9.72000002861
-9.263 -3.64 0.941 0.390321282959 0.535564995046 9.78000020981
-9.27 -3.648 0.902 0.407977762885 0.516233560753 9.84000015259
-9.266 -3.637 0.989 0.34443880697 0.523671054291 9.89800000191
-9.265 -3.639 0.999 0.324806778939 0.504745684562 9.95500016212
-9.273 -3.646 1.009 0.311548529815 0.494949835003 10.0140001774
-9.266 -3.65 1.024 0.289659247062 0.475860742403 10.0830001831
-9.26 -3.652 0.998 0.292770090818 0.45396284765 10.1360001564
-9.248 -3.646 0.946 0.341262834364 0.473204051981 10.1940000057
-9.245 -3.664 0.891 0.348963261053 0.431711808044 10.2570002079
-9.257 -3.693 0.683 0.417707538238 0.339861579924 10.3180000782
-9.271 -3.746 0.353 0.458843467466 0.16905260243 10.3760001659
-9.274 -3.779 0.198 0.487553336451 0.0978171890666 10.4270000458
-9.269 -3.794 0.136 0.532482364794 0.0728674084091 10.4790000916
-9.251 -3.79 0.106 0.565812316325 0.0602017502295 10.5430002213
-9.223 -3.785 0.114 0.597935464213 0.0684614753024 10.5990002155
-9.186 -3.776 0.118 0.593763101906 0.0703910580643 10.6579999924
-9.17 -3.777 0.03 0.587391574633 0.017627035667 10.7150001526
-9.158 -3.778 0.033 0.600555848897 0.0198255402072 10.7730000019
-9.148 -3.775 0.117 0.563083867007 0.066183081801 10.8330001831
-9.147 -3.756 0.223 0.590082604288 0.133813954209 10.8900001049
-9.156 -3.739 0.315 0.587422920413 0.191411431887 10.9460000992
-9.157 -3.72 0.384 0.555246212013 0.22435183513 10.9970002174
-9.146 -3.701 0.357 0.545639998054 0.203513716214 11.0570001602
-9.115 -3.681 0.281 0.666023256375 0.192239171117 11.1260001659
-9.092 -3.688 0.175 0.687242620955 0.121510417443 11.1760001183
-9.077 -3.687 0.202 0.675629498512 0.138364236146 11.2350001335
-9.056 -3.693 0.17 0.632384696331 0.108553147361 11.2940001488
-9.051 -3.7 0.075 0.595375572609 0.044737081446 11.3470001221
-9.047 -3.698 -0.034 0.582003439904 -0.0197957455053 11.4000000954
-9.036 -3.698 0.051 0.604264301714 0.0308442259695 11.4580001831
-9.019 -3.7 0.096 0.552115047588 0.0531664724082 11.5170001984
-9.009 -3.706 0.078 0.528973772501 0.041343833577 11.5640001297
-8.994 -3.713 0.136 0.502116370137 0.0687119818997 11.623000145
-9.007 -3.713 0.139 0.427247088907 0.0597727988711 11.6780002117
-9.028 -3.708 0.206 0.385412190206 0.0805373752341 11.737000227
-9.035 -3.737 0.109 0.474508162202 0.0519272017804 11.7890000343
-9.046 -3.771 -0.023 0.503926682007 -0.0115923578774 11.8410000801
-9.057 -3.763 0.101 0.446456131349 0.0452460255663 11.8920001984
-9.064 -3.78 0.173 0.478210479228 0.0835657609624 11.9560000896
