29.87 -18.132 2.862 -1.11471931388 0.320050794855 6.20100021362
29.87 -18.132 2.841 -1.11084863199 0.344347227131 6.25100016594
29.411 -17.927 2.789 -1.09284932875 0.402135110115 6.65600013733
29.357 -17.883 2.723 -1.03544480388 0.460654478753 6.70700001717
28.833 -17.76 2.919 -1.13510862148 0.256924240041 7.12400007248
28.768 -17.752 2.934 -1.16023802808 0.244377476916 7.1740000248
28.224 -17.573 2.609 -0.981265217546 0.578362652338 7.69600009918
28.154 -17.516 2.543 -0.925072490089 0.630966736342 7.75200009346
27.745 -17.169 2.531 -1.01373105556 0.70941039715 8.20399999619
27.691 -17.138 2.643 -1.086894125 0.591788340144 8.25500011444
27.181 -16.818 2.623 -1.45531067623 0.830537974766 8.54700016975
27.094 -16.778 2.612 -1.43331430603 0.839019131128 8.60500001907
26.933 -16.221 1.684 -0.21873811773 1.92399178191 8.78100013733
26.891 -16.095 1.89 -0.606195702778 1.83414509937 8.83900022507
26.315 -15.979 2.76 -1.86931941254 0.750084283215 9.19400000572
26.212 -16.068 -3.047 -1.9006031029 -0.180321236343 9.24700021744
25.957 -16.601 -2.216 -1.30723352356 -1.73680966907 9.54000020027
25.81 -16.643 -2.645 -1.98564536594 -1.07599429103 9.59900021553
25.256 -16.972 -2.252 -1.88806713736 -2.32906625904 9.84000015259
25.172 -17.146 -2.111 -1.57611637305 -2.62814616547 9.89800000191
24.863 -17.568 -2.496 -2.19300411118 -1.65193117623 10.1360001564
24.79 -17.545 -2.697 -2.44028184375 -1.16255824298 10.1940000057
24.255 -17.727 -2.874 -2.23494931394 -0.612751849934 10.4270000458
24.136 -17.758 -2.877 -2.25191569229 -0.610145873485 10.4790000916
23.647 -17.91 -2.858 -1.95640002749 -0.570189043795 10.7150001526
