16.81 -8.611 0.121 0.629398214291 0.0765310460111 0.0190000534058
16.791 -8.608 0.236 0.510653654942 0.122802645078 0.0710000991821
16.79 -8.611 0.309 0.410745181577 0.131120232488 0.128000020981
16.774 -8.614 0.277 0.365604884858 0.103944778627 0.184000015259
16.762 -8.597 0.498 0.368197727397 0.200192207501 0.241000175476
16.777 -8.62 0.413 0.418869848 0.183549850116 0.297000169754
16.787 -8.609 0.337 0.565411535212 0.19810044465 0.357000112534
16.811 -8.596 0.317 0.550191142478 0.180497491679 0.412000179291
16.831 -8.585 0.249 0.507795882604 0.129120810234 0.47000002861
16.83 -8.602 0.116 0.578499910561 0.0674086112926 0.529000043869
16.832 -8.582 0.3 0.567380072911 0.175511223857 0.589000225067
16.842 -8.572 0.381 0.535039452691 0.21432220656 0.644000053406
16.832 -8.569 0.382 0.474568461063 0.190650115102 0.705000162125
16.836 -8.578 0.459 0.466878082091 0.230732976456 0.764000177383
16.856 -8.57 0.454 0.541310401069 0.264158399394 0.819000005722
16.862 -8.561 0.365 0.563647475115 0.215382133439 0.881000041962
16.872 -8.564 0.5 0.478418521527 0.261361229498 0.936000108719
16.871 -8.568 0.492 0.501144162376 0.268593174843 0.992000102997
16.859 -8.57 0.485 0.462245314934 0.243595266437 1.04400014877
16.857 -8.573 0.554 0.410735810724 0.254090358662 1.09400010109
16.854 -8.575 0.565 0.342136085323 0.21689266374 1.15799999237
16.84 -8.578 0.651 0.356577882385 0.27163515113 1.21800017357
16.813 -8.573 0.779 0.332453690267 0.32822649282 1.26900005341
16.836 -8.563 0.686 0.347874061309 0.284781352873 1.32700014114
16.802 -8.551 0.764 0.357088963264 0.342124789132 1.375
16.791 -8.544 0.698 0.364103617157 0.305437504203 1.43200016022
16.794 -8.549 0.538 0.439550501066 0.262286044571 1.49300003052
16.799 -8.579 0.413 0.478692303676 0.209764204826 1.55400013924
16.808 -8.584 0.379 0.524320463711 0.208812540273 1.60900020599
16.81 -8.582 0.412 0.48836285078 0.213419979333 1.66100001335
16.811 -8.573 0.488 0.457278925779 0.24273365679 1.71400022507
16.799 -8.566 0.583 0.409213700822 0.269861967095 1.75900006294
16.826 -8.544 0.571 0.484996614106 0.311552269378 1.81300020218
16.841 -8.523 0.556 0.459274706296 0.285389252497 1.86100006104
16.859 -8.572 0.48 0.353934036057 0.1842618973 1.92000007629
16.854 -8.571 0.485 0.391424431233 0.206273888638 1.98000001907
16.814 -8.522 0.688 0.334167914882 0.274679102888 2.03600001335
16.809 -8.552 0.426 0.396940033283 0.180126834151 2.09500002861
16.769 -8.509 0.574 0.315821244418 0.204218370354 2.14900016785
16.772 -8.497 0.564 0.371125039635 0.234749887593 2.20200014114
16.764 -8.491 0.665 0.328963479772 0.257956016905 2.25800013542
16.771 -8.492 0.768 0.272377900269 0.263061301496 2.31600022316
16.787 -8.507 0.888 0.276338654005 0.339775899302 2.37400007248
16.79 -8.522 0.915 0.300817618138 0.390981427419 2.42500019073
16.791 -8.517 0.86 0.343283236062 0.39874265368 2.47699999809
16.805 -8.501 0.871 0.345453546981 0.410306477608 2.53600001335
16.792 -8.489 0.905 0.347939198749 0.442989357659 2.58800005913
16.785 -8.483 0.89 0.379168504812 0.46812123093 2.63700008392
16.797 -8.468 0.861 0.388335042898 0.451986186358 2.69600009918
16.803 -8.467 0.887 0.355437999831 0.436141858763 2.7570002079
16.787 -8.487 1.056 0.232243102713 0.410560906149 2.81300020218
16.783 -8.451 1.021 0.238202969107 0.388696550216 2.86600017548
16.767 -8.441 1.092 0.215342859816 0.414853347729 2.91300010681
16.755 -8.439 1.139 0.174211888061 0.378066477136 2.96700000763
16.749 -8.445 1.07 0.165503142864 0.302378908628 3.02600002289
16.75 -8.45 1.049 0.175103341207 0.304554297809 3.08000016212
16.757 -8.46 0.844 0.249693902289 0.280818543255 3.12900018692
16.764 -8.469 0.806 0.268775434643 0.280084558585 3.17900013924
16.785 -8.473 0.72 0.324695120941 0.284779667824 3.23100018501
16.804 -8.478 0.551 0.389015323178 0.239042896637 3.28000020981
16.79 -8.474 0.448 0.316181383367 0.151953850929 3.33800005913
16.794 -8.474 0.54 0.345244898423 0.20695001936 3.38800001144
16.768 -8.485 0.461 0.257933342006 0.128114164266 3.44500017166
16.776 -8.483 0.456 0.291176855497 0.142815468517 3.5
16.778 -8.475 0.266 0.282050715457 0.0768465492684 3.5600001812
16.711 -8.526 -1.429 0.0214059888224 -0.149949806744 3.61200022697
16.628 -8.609 -2.009 -0.20510680492 -0.43771252758 3.67000007629
16.598 -8.703 -1.954 -0.252281782156 -0.625804018009 3.72300004959
16.584 -8.745 -1.925 -0.230965916057 -0.624570420436 3.77700018883
16.579 -8.78 -1.897 -0.222878838752 -0.658842237289 3.83000016212
16.562 -8.813 -1.935 -0.245175048733 -0.643150025801 3.89100003242
16.544 -8.833 -1.903 -0.215886947784 -0.62577931778 3.94400000572
16.529 -8.853 -1.917 -0.222146937157 -0.61582221504 4.0
16.521 -8.871 -1.987 -0.234515948148 -0.530546882521 4.0490000248
16.496 -8.882 -2.025 -0.28988400257 -0.593720176291 4.10700011253
16.495 -8.896 -2.045 -0.316232806912 -0.616119244245 4.15600013733
16.491 -8.916 -2.073 -0.318099360444 -0.579239447426 4.21200013161
16.489 -8.932 -1.994 -0.254526907014 -0.565087134256 4.26400017738
16.51 -8.936 -1.961 -0.21841919755 -0.53105495541 4.31200003624
16.519 -8.945 -1.987 -0.203977008379 -0.461458449866 4.37700009346
16.523 -8.953 -1.898 -0.162908081791 -0.47998357916 4.42800021172
16.536 -8.959 -1.876 -0.166778943984 -0.529377808968 4.48400020599
16.528 -8.98 -1.996 -0.237005097883 -0.523388132248 4.54600000381
16.519 -8.986 -2.07 -0.25070717627 -0.459786267936 4.6210000515
16.497 -8.989 -2.114 -0.26185303289 -0.433680268828 4.68099999428
16.489 -8.988 -2.121 -0.236646822742 -0.38580440807 4.74000000954
16.486 -8.99 -2.068 -0.193436476421 -0.356448545233 4.79400014877
16.478 -8.964 -2.217 -0.173313048096 -0.229787650062 4.85199999809
16.472 -8.956 -2.34 -0.184741619509 -0.190824249039 4.91000008583
16.464 -8.956 -2.532 -0.212784615056 -0.148590200069 4.96400022507
16.411 -8.837 2.797 -0.465158827223 0.166951389334 5.02500009537
16.426 -8.853 -3.03 -0.437883318111 -0.0490684124039 5.09400010109
16.426 -8.877 -2.831 -0.589215837987 -0.189127144773 5.14100003242
16.405 -8.873 -2.808 -0.601031231649 -0.208283758817 5.1970000267
16.385 -8.874 -2.821 -0.588095185672 -0.19527540248 5.24500012398
16.364 -8.887 -2.797 -0.551360773655 -0.197890358731 5.30000019073
16.376 -8.856 -3.064 -0.550513615904 -0.0428017444703 5.35700011253
16.37 -8.859 -3.036 -0.597447741891 -0.0633216088381 5.41600012779
16.364 -8.852 -3.053 -0.538435071358 -0.0478265821103 5.47600007057
16.361 -8.834 2.956 -0.582674920338 0.109399149657 5.52500009537
16.353 -8.825 2.897 -0.57619117167 0.143811499466 5.58600020409
16.349 -8.828 2.969 -0.515991212198 0.089951233807 5.64200019836
16.368 -8.843 -3.079 -0.437066421899 -0.0273929301973 5.70100021362
16.359 -8.842 -2.932 -0.395560768157 -0.0841423532831 5.75300002098
16.364 -8.861 -2.767 -0.39334672635 -0.154646700239 5.80599999428
16.342 -8.855 -2.943 -0.413990956436 -0.0833137243833 5.85500001907
16.34 -8.852 -3.002 -0.445456374577 -0.0625895084893 5.91200017929
16.365 -8.874 -2.862 -0.372107513996 -0.106837034349 5.97100019455
16.39 -8.849 -3.043 -0.327541590858 -0.0323982385096 6.02800011635
16.393 -8.841 3.042 -0.331766825337 0.0331512166738 6.08800005913
16.379 -8.854 -2.778 -0.296122905822 -0.11267775088 6.14500021935
16.397 -8.788 2.789 -0.292499984276 0.107631043265 6.20100021362
16.391 -8.768 2.803 -0.293877180261 0.103490088466 6.25100016594
16.397 -8.78 3.123 -0.267475761924 0.00497365730751 6.31100010872
16.404 -8.838 -2.68 -0.30721680563 -0.152820065658 6.36400008202
16.438 -8.871 -2.508 -0.246767521018 -0.181283253975 6.42200016975
16.464 -8.891 -2.517 -0.251306945659 -0.181158440818 6.48000001907
16.463 -8.853 -2.836 -0.285381578284 -0.0900306797267 6.53900003433
16.465 -8.882 -2.979 -0.366768010519 -0.0601649013958 6.59500002861
16.484 -8.932 -2.947 -0.493102414558 -0.0971838798437 6.65600013733
16.482 -8.881 2.977 -0.537191491855 0.089224955476 6.70700001717
16.482 -8.828 2.733 -0.599564977911 0.259587068951 6.76300001144
16.489 -8.784 2.591 -0.571247116241 0.350700566961 6.8180000782
16.502 -8.766 2.564 -0.543812732202 0.354420796285 6.87900018692
16.51 -8.754 2.571 -0.53730487266 0.344844958822 6.94100022316
16.528 -8.768 2.616 -0.420874437153 0.244112156961 7.00100016594
16.536 -8.767 2.582 -0.408697328449 0.256000739733 7.06300020218
16.542 -8.758 2.615 -0.365449239337 0.212453560943 7.12400007248
16.543 -8.751 2.562 -0.373085735569 0.244216850762 7.1740000248
16.549 -8.768 2.757 -0.436095380586 0.176508675354 7.22600007057
16.543 -8.753 2.645 -0.42485411391 0.230222681719 7.28299999237
16.533 -8.74 2.661 -0.481053286144 0.250804038951 7.34200000763
16.605 -8.718 2.258 -0.335609455388 0.408957749436 7.39900016785
16.569 -8.699 2.394 -0.410078309633 0.380187659943 7.46600008011
16.538 -8.677 2.463 -0.431483078351 0.347920495942 7.52600002289
16.512 -8.653 2.514 -0.510099114913 0.370043277455 7.57800006866
16.486 -8.661 2.622 -0.508135451854 0.290664185262 7.63300013542
16.477 -8.685 2.808 -0.495317999995 0.171649474131 7.69600009918
16.476 -8.706 2.913 -0.539577681956 0.125537792144 7.75200009346
16.463 -8.702 2.938 -0.55769670168 0.115138189576 7.80800008774
16.44 -8.754 3.067 -0.639152724951 0.0477647193328 7.875
16.42 -8.795 -2.992 -0.656350996686 -0.0989242985556 7.92300009727
16.392 -8.804 -3.082 -0.66069909637 -0.0394194866973 7.97300004959
16.369 -8.756 3.097 -0.673293021717 0.030043839228 8.02800011635
16.354 -8.664 2.87 -0.67842791332 0.188924220239 8.08900022507
16.341 -8.625 2.828 -0.584877026905 0.18967174847 8.14500021935
16.351 -8.658 2.928 -0.494298220907 0.107213880033 8.20399999619
16.361 -8.707 3.01 -0.395206315507 0.0523085326902 8.25500011444
16.354 -8.701 3.042 -0.340669490711 0.0340407998577 8.31300020218
16.344 -8.729 3.123 -0.412663663541 0.00767339676293 8.37400007248
16.359 -8.605 2.8 -0.440165762 0.156492059262 8.42900013924
16.379 -8.565 2.682 -0.469667456986 0.232457931602 8.48500013351
16.369 -8.564 2.571 -0.450144851943 0.288905220911 8.54700016975
16.368 -8.584 2.57 -0.36768018139 0.236498448499 8.60500001907
16.367 -8.581 2.55 -0.354003721868 0.237842624844 8.66600012779
16.36 -8.586 2.766 -0.427036777527 0.168385391098 8.72500014305
16.362 -8.6 2.987 -0.430545486873 0.0670945176382 8.78100013733
16.362 -8.631 -2.843 -0.35869256051 -0.110403742853 8.83900022507
16.366 -8.677 -2.265 -0.276091744376 -0.331670467186 8.89700007439
16.38 -8.722 -2.02 -0.212354389225 -0.440502283346 8.95900011063
16.392 -8.768 -1.895 -0.175969573028 -0.523623504218 9.0110001564
16.399 -8.793 -1.785 -0.120652672868 -0.554620240339 9.06700015068
16.426 -8.827 -1.641 -0.042782618946 -0.608405634409 9.13900017738
16.43 -8.852 -1.647 -0.0442560102384 -0.579634948258 9.19400000572
16.433 -8.86 -1.694 -0.0743488111352 -0.600406174474 9.24700021744
16.428 -8.887 -1.733 -0.104373148438 -0.637816537795 9.30599999428
16.432 -8.904 -1.75 -0.0991160364426 -0.547158177577 9.3630001545
16.449 -8.881 -1.688 -0.0466690851527 -0.396362970889 9.43099999428
16.46 -8.904 -1.773 -0.0889242902607 -0.433765833107 9.48200011253
16.476 -8.904 -1.845 -0.131058006628 -0.465919270797 9.54000020027
16.48 -8.902 -1.898 -0.144578528187 -0.425978371766 9.59900021553
16.472 -8.914 -1.967 -0.185910253452 -0.444415373741 9.66100001335
16.482 -8.849 -2.036 -0.183794300013 -0.366163056693 9.72000002861
16.475 -8.846 -2.148 -0.241912633185 -0.371499376778 9.78000020981
16.483 -8.854 -2.003 -0.182617672811 -0.395883965643 9.84000015259
16.494 -8.849 -1.996 -0.190592773472 -0.420893882108 9.89800000191
16.503 -8.851 -1.948 -0.181580989579 -0.458336573108 9.95500016212
16.509 -8.865 -1.864 -0.154387607126 -0.511377939875 10.0140001774
16.478 -8.86 -2.002 -0.253559059242 -0.55112108704 10.0830001831
16.46 -8.887 -1.981 -0.239605477996 -0.550977577219 10.1360001564
16.468 -8.914 -1.89 -0.179180180804 -0.542139195347 10.1940000057
16.467 -8.932 -1.847 -0.151561360882 -0.534705009129 10.2570002079
16.469 -8.959 -1.788 -0.120059704777 -0.544031791509 10.3180000782
16.504 -8.947 -1.697 -0.0636436077842 -0.50161263256 10.3760001659
16.534 -8.949 -1.631 -0.0305658368067 -0.507093634171 10.4270000458
16.544 -8.98 -1.582 -0.00654776019169 -0.584405320134 10.4790000916
16.563 -8.987 -1.61 -0.0223364899411 -0.569463107688 10.5430002213
16.57 -8.982 -1.661 -0.0485960306548 -0.537274742407 10.5990002155
16.577 -9.008 -1.687 -0.0624640449717 -0.535117634812 10.6579999924
16.573 -9.03 -1.699 -0.0655611080703 -0.508577646879 10.7150001526
16.581 -9.004 -1.776 -0.091836367872 -0.441238215902 10.7730000019
16.588 -9.009 -1.897 -0.150521085317 -0.444948695735 10.8330001831
16.589 -9.011 -1.909 -0.141228047586 -0.401538805567 10.8900001049
16.596 -9.007 -1.806 -0.0809661531378 -0.337867091524 10.9460000992
16.583 -8.99 -1.765 -0.0595199284756 -0.302619272359 10.9970002174
16.59 -8.965 -1.71 -0.0341216827083 -0.243535225717 11.0570001602
16.593 -8.971 -1.585 -0.00365463846942 -0.257285044918 11.1260001659
16.607 -8.994 -1.609 -0.0128964090349 -0.337405624935 11.1760001183
16.641 -8.994 -1.502 0.0272929396358 -0.396094802544 11.2350001335
16.665 -9.011 -1.542 0.0127910002307 -0.444065820361 11.2940001488
16.662 -9.026 -1.594 -0.0128463497543 -0.553534952062 11.3470001221
16.644 -9.026 -1.712 -0.0834670602634 -0.587177261354 11.4000000954
16.641 -9.022 -1.806 -0.114968707507 -0.479757791573 11.4580001831
16.634 -9.013 -1.827 -0.105952738247 -0.40446052579 11.5170001984
16.61 -8.998 -1.973 -0.185015129067 -0.434927295938 11.5640001297
16.577 -8.926 -2.239 -0.276439142168 -0.350217987764 11.623000145
16.548 -8.78 -2.732 -0.356547030995 -0.154793821872 11.6780002117
16.536 -8.701 -3.059 -0.405982339576 -0.0336076121404 11.737000227
16.527 -8.666 3.027 -0.44250266155 0.0509306812908 11.7890000343
16.511 -8.653 3.108 -0.503921536993 0.016934432087 11.8410000801
16.496 -8.657 3.052 -0.52847489043 0.0474745594353 11.8920001984
16.483 -8.646 -3.135 -0.458693031713 -0.00302404807375 11.9560000896
