-20.286 -3.562 -2.563 -0.785537287013 -0.513080636185 0.0190000534058
-20.31 -3.558 -2.571 -0.726873520458 -0.466511066596 0.0710000991821
-20.363 -3.581 -2.574 -0.721217275773 -0.459831832328 0.128000020981
-20.398 -3.618 -2.572 -0.724514352987 -0.463974645149 0.184000015259
-20.442 -3.647 -2.617 -0.728436185812 -0.421528684766 0.241000175476
-20.486 -3.666 -2.648 -0.759921380261 -0.408846670222 0.297000169754
-20.516 -3.691 -2.574 -0.707735389097 -0.451236086133 0.357000112534
-20.533 -3.712 -2.641 -0.713068914828 -0.39010022854 0.412000179291
-20.562 -3.734 -2.599 -0.686807579067 -0.414117052718 0.47000002861
-20.567 -3.745 -2.571 -0.67794904988 -0.435111096299 0.529000043869
-20.594 -3.738 -2.665 -0.670215685613 -0.346024073034 0.589000225067
-20.594 -3.736 -2.647 -0.643082545592 -0.346815672131 0.644000053406
-20.582 -3.73 -2.659 -0.587811597675 -0.307960762505 0.705000162125
-20.563 -3.719 -2.626 -0.555404075764 -0.314761002428 0.764000177383
-20.57 -3.709 -2.67 -0.555174253332 -0.283122839133 0.819000005722
-20.585 -3.712 -2.641 -0.541632549811 -0.296312147497 0.881000041962
-20.592 -3.712 -2.6 -0.513003015756 -0.308620876783 0.936000108719
-20.608 -3.712 -2.618 -0.602605122529 -0.347909310853 0.992000102997
-20.637 -3.714 -2.664 -0.63701303039 -0.329689180354 1.04400014877
-20.664 -3.722 -2.612 -0.600684612991 -0.351622725004 1.09400010109
-20.691 -3.728 -2.645 -0.557032942227 -0.301848595946 1.15799999237
-20.709 -3.741 -2.643 -0.559485341936 -0.304626636786 1.21800017357
-20.726 -3.744 -2.68 -0.608463455428 -0.302670373186 1.26900005341
-20.743 -3.749 -2.618 -0.586548954792 -0.338639409149 1.32700014114
-20.758 -3.735 -2.657 -0.568623843716 -0.299359018035 1.375
-20.775 -3.737 -2.569 -0.549580487717 -0.354277427162 1.43200016022
-20.803 -3.742 -2.604 -0.527841640132 -0.314679121517 1.49300003052
-20.827 -3.753 -2.536 -0.496358200089 -0.343667838248 1.55400013924
-20.849 -3.761 -2.48 -0.446695965056 -0.347824299811 1.60900020599
-20.876 -3.778 -2.408 -0.403537103162 -0.363751716185 1.66100001335
-20.888 -3.79 -2.4 -0.399584068333 -0.366024716519 1.71400022507
-20.898 -3.798 -2.313 -0.365899753047 -0.398957953927 1.75900006294
-20.91 -3.801 -2.372 -0.417707479613 -0.404707705807 1.81300020218
-20.924 -3.797 -2.479 -0.416943751865 -0.325327703838 1.86100006104
-20.943 -3.818 -2.425 -0.434499111514 -0.378473665369 1.92000007629
-20.961 -3.837 -2.329 -0.390827109548 -0.412683560766 1.98000001907
-20.966 -3.832 -2.341 -0.384881404599 -0.396758945309 2.03600001335
-20.968 -3.831 -2.227 -0.329430715404 -0.427810011861 2.09500002861
-20.957 -3.824 -2.324 -0.342825497782 -0.365642135639 2.14900016785
-20.929 -3.836 -2.309 -0.316166167373 -0.347511365577 2.20200014114
-20.91 -3.843 -2.386 -0.285916398596 -0.269361165054 2.25800013542
-20.902 -3.854 -2.32 -0.261336805636 -0.280974046398 2.31600022316
-20.901 -3.868 -2.231 -0.252748314949 -0.325525657083 2.37400007248
-20.931 -3.866 -2.441 -0.327510826933 -0.276190534744 2.42500019073
-20.961 -3.835 -2.749 -0.3835932117 -0.158841683249 2.47699999809
-20.976 -3.84 -2.689 -0.374785597418 -0.182242012151 2.53600001335
-20.984 -3.842 -2.762 -0.383110449466 -0.152838261878 2.58800005913
-21.001 -3.834 -2.916 -0.417939815027 -0.0959168339759 2.63700008392
-21.03 -3.802 -3.094 -0.432271976411 -0.0205885175249 2.69600009918
-21.039 -3.811 -2.908 -0.379532540517 -0.0903045240995 2.7570002079
-21.051 -3.823 -2.906 -0.423631238796 -0.101692856545 2.81300020218
-21.062 -3.833 -2.846 -0.419247734397 -0.127666684097 2.86600017548
-21.092 -3.842 -2.845 -0.425589483876 -0.13006302939 2.91300010681
-21.113 -3.82 -2.881 -0.418403038755 -0.111569779464 2.96700000763
-21.13 -3.846 -2.841 -0.339276116708 -0.105170755633 3.02600002289
-21.158 -3.845 -2.727 -0.437126975094 -0.192380626335 3.08000016212
-21.171 -3.856 -2.7 -0.514062652528 -0.24301161894 3.12900018692
-21.181 -3.869 -2.738 -0.489579795341 -0.209067480004 3.17900013924
-21.185 -3.892 -2.713 -0.524645694979 -0.239720461922 3.23100018501
-21.171 -3.914 -2.692 -0.517448235703 -0.249696077871 3.28000020981
-21.168 -3.931 -2.65 -0.518437331423 -0.2775898326 3.33800005913
-21.178 -3.944 -2.637 -0.5736711973 -0.316827614176 3.38800001144
-21.188 -3.961 -2.717 -0.574651540389 -0.259795628004 3.44500017166
-21.189 -3.979 -2.646 -0.456303336995 -0.246674615978 3.5
-21.192 -3.998 -2.66 -0.453592337946 -0.237064068539 3.5600001812
-21.152 -3.987 -2.69 -0.442311480607 -0.214530297597 3.61200022697
-21.139 -3.984 -2.853 -0.471294025236 -0.139918127494 3.67000007629
-21.124 -4.006 -3.032 -0.481567511259 -0.0529885721245 3.72300004959
-21.116 -4.01 3.128 -0.452944153745 0.00615709217731 3.77700018883
-21.092 -3.989 2.727 -0.342963834331 0.150939203065 3.83000016212
-21.082 -3.972 2.459 -0.2934519215 0.238564225082 3.89100003242
-21.054 -3.944 2.014 -0.120233122909 0.253282241376 3.94400000572
-21.002 -3.918 1.495 0.0147266833782 0.193920618392 4.0
-20.951 -3.916 1.072 0.109239836543 0.200535510554 4.0490000248
-20.859 -3.913 0.484 0.358884728622 0.188667720045 4.10700011253
-20.789 -3.913 0.335 0.479345841167 0.16687040863 4.15600013733
-20.725 -3.899 0.351 0.576842909798 0.211218042849 4.21200013161
-20.682 -3.882 0.346 0.622218361684 0.224311023892 4.26400017738
-20.662 -3.868 0.396 0.620608326576 0.259467738282 4.31200003624
-20.629 -3.845 0.379 0.599916978153 0.238919128341 4.37700009346
-20.6 -3.828 0.371 0.625366399531 0.243276313475 4.42800021172
-20.569 -3.805 0.452 0.60158653146 0.292084782539 4.48400020599
-20.549 -3.797 0.484 0.595875844233 0.313255282255 4.54600000381
-20.517 -3.773 0.442 0.609915101749 0.288627746033 4.6210000515
-20.5 -3.76 0.525 0.559601531752 0.324132445271 4.68099999428
-20.488 -3.781 0.442 0.563462880897 0.266645342639 4.74000000954
-20.49 -3.793 0.32 0.510644990099 0.16922233955 4.79400014877
-20.463 -3.806 0.29 0.557768845595 0.166445355476 4.85199999809
-20.451 -3.823 0.223 0.577439614061 0.13094688356 4.91000008583
-20.441 -3.824 0.252 0.563179231304 0.145003678012 4.96400022507
-20.421 -3.8 0.38 0.543912376405 0.217245522492 5.02500009537
-20.408 -3.776 0.509 0.504318693673 0.281433315677 5.09400010109
-20.408 -3.767 0.523 0.448007657126 0.258299790267 5.14100003242
-20.423 -3.761 0.487 0.291842131088 0.15454231054 5.1970000267
-20.492 -3.797 -2.844 -0.113196700587 -0.0347174851807 5.24500012398
-20.595 -3.841 -2.817 -0.464594525265 -0.15633337442 5.30000019073
-20.648 -3.853 -2.843 -0.572296317583 -0.176149891128 5.35700011253
-20.694 -3.86 -2.852 -0.650760171114 -0.193906500449 5.41600012779
-20.735 -3.872 -2.858 -0.656355030452 -0.191293417474 5.47600007057
-20.755 -3.874 -2.88 -0.662402925849 -0.177343563882 5.52500009537
-20.782 -3.878 -2.874 -0.680038434684 -0.186444858628 5.58600020409
-20.808 -3.872 -2.952 -0.699792679749 -0.134288436177 5.64200019836
-20.828 -3.856 -3.037 -0.629450261848 -0.066077001601 5.70100021362
-20.853 -3.843 -3.112 -0.639730783587 -0.0189368596202 5.75300002098
-20.867 -3.826 3.069 -0.595244171782 0.0432864160688 5.80599999428
-20.86 -3.805 3.049 -0.599578573114 0.0556757723485 5.85500001907
-20.86 -3.78 3.014 -0.594171452317 0.0762260121747 5.91200017929
-20.879 -3.773 2.931 -0.56726245187 0.121259213187 5.97100019455
-20.882 -3.762 2.94 -0.593298717649 0.121251670008 6.02800011635
-20.867 -3.737 2.853 -0.560414491153 0.166376278976 6.08800005913
-20.861 -3.709 2.742 -0.511673893513 0.216086608697 6.14500021935
-20.863 -3.691 2.823 -0.553047355979 0.182410631964 6.20100021362
-20.863 -3.678 2.825 -0.581736714957 0.190583997415 6.25100016594
-20.885 -3.687 2.806 -0.63016551273 0.219792737328 6.31100010872
-20.912 -3.699 2.874 -0.632931817584 0.173529726015 6.36400008202
-20.931 -3.699 2.843 -0.590150710275 0.181645382244 6.42200016975
-20.948 -3.697 2.836 -0.538476698828 0.169875797534 6.48000001907
-20.974 -3.706 2.963 -0.575946329029 0.103967500225 6.53900003433
-20.981 -3.697 2.774 -0.548210172594 0.211113674804 6.59500002861
-20.995 -3.686 2.829 -0.599342352682 0.193700599477 6.65600013733
-20.98 -3.683 2.664 -0.523555966401 0.270968927161 6.70700001717
-20.988 -3.679 2.659 -0.503196943839 0.263630243309 6.76300001144
-21.007 -3.678 2.796 -0.495185258218 0.17828743044 6.8180000782
-21.01 -3.669 2.723 -0.477601223929 0.212477905182 6.87900018692
-21.014 -3.657 2.785 -0.504009153038 0.187752342169 6.94100022316
-21.013 -3.652 2.788 -0.446630939629 0.164853810458 7.00100016594
-21.023 -3.639 2.646 -0.449865787338 0.243194518506 7.06300020218
-21.034 -3.627 2.614 -0.549527218365 0.320202792612 7.12400007248
-21.029 -3.631 2.699 -0.5375734819 0.254783854636 7.1740000248
-21.018 -3.635 2.71 -0.425325411533 0.19588365049 7.22600007057
-21.017 -3.637 2.716 -0.37762347644 0.171175736955 7.28299999237
-21.028 -3.638 2.66 -0.352672327812 0.184319552819 7.34200000763
-21.028 -3.652 2.754 -0.411908224609 0.1681588904 7.39900016785
-21.036 -3.66 2.675 -0.329965248955 0.166199122278 7.46600008011
-21.029 -3.655 2.552 -0.325096105628 0.217478190929 7.52600002289
-21.008 -3.639 2.571 -0.393056203963 0.25226544066 7.57800006866
-20.97 -3.613 2.513 -0.339442823515 0.246761841718 7.63300013542
-20.936 -3.597 2.433 -0.331969459448 0.284525891761 7.69600009918
-20.901 -3.6 2.457 -0.357707740862 0.291991709006 7.75200009346
-20.875 -3.584 2.264 -0.291035344028 0.350334186068 7.80800008774
-20.865 -3.573 2.427 -0.353088612942 0.30632062377 7.875
-20.854 -3.575 2.303 -0.310486858309 0.34540989814 7.92300009727
-20.858 -3.56 2.287 -0.353458405185 0.4060996798 7.97300004959
-20.865 -3.553 2.274 -0.396499862803 0.467692074033 8.02800011635
-20.845 -3.554 2.117 -0.306675280462 0.504488119679 8.08900022507
-20.854 -3.54 2.146 -0.289638426989 0.44674210495 8.14500021935
-20.853 -3.536 1.968 -0.171275117591 0.408283055126 8.20399999619
-20.85 -3.532 1.968 -0.166042703038 0.395810103834 8.25500011444
-20.85 -3.537 1.985 -0.184985999281 0.420768762908 8.31300020218
-20.849 -3.531 1.99 -0.178793406357 0.401225953103 8.37400007248
-20.834 -3.518 1.857 -0.126429923213 0.42962012649 8.42900013924
-20.83 -3.504 1.916 -0.16572298343 0.460850430538 8.48500013351
-20.853 -3.509 1.926 -0.154684441714 0.417010220638 8.54700016975
-20.874 -3.506 2.085 -0.254603800351 0.450713399582 8.60500001907
-20.888 -3.507 2.177 -0.280704122011 0.404891105818 8.66600012779
-20.894 -3.523 2.161 -0.255150198387 0.380906090027 8.72500014305
-20.869 -3.52 1.91 -0.126165265956 0.357569582447 8.78100013733
-20.779 -3.515 1.462 0.045248108815 0.4142551552 8.83900022507
-20.754 -3.527 1.375 0.0719394623648 0.36271267284 8.89700007439
-20.783 -3.527 1.641 -0.0250379906301 0.356061759399 8.95900011063
-20.794 -3.545 1.743 -0.054490864865 0.313298607801 9.0110001564
-20.78 -3.545 1.762 -0.0701839567924 0.362579768201 9.06700015068
-20.772 -3.55 1.769 -0.0653092300533 0.325179463372 9.13900017738
-20.767 -3.565 1.937 -0.104842463726 0.273381702782 9.19400000572
-20.825 -3.598 2.306 -0.197133320304 0.217987621325 9.24700021744
-20.928 -3.657 3.029 -0.406085340006 0.0459164192947 9.30599999428
-20.99 -3.71 -3.02 -0.455464165694 -0.0556556526573 9.3630001545
-21.026 -3.745 -2.869 -0.431744133468 -0.120694670242 9.43099999428
-21.066 -3.778 -2.773 -0.45740927928 -0.176672037622 9.48200011253
-21.091 -3.8 -2.678 -0.461826019412 -0.230881285779 9.54000020027
-21.095 -3.817 -2.724 -0.431888862852 -0.191623994388 9.59900021553
-21.104 -3.816 -2.783 -0.490702944427 -0.183913973441 9.66100001335
-21.097 -3.816 -2.785 -0.454879308928 -0.169450604499 9.72000002861
-21.071 -3.786 -2.782 -0.32321656822 -0.121509346274 9.78000020981
-21.062 -3.789 -2.826 -0.279476301392 -0.0912504519239 9.84000015259
-21.065 -3.79 -2.764 -0.341122471734 -0.135297361223 9.89800000191
-21.072 -3.797 -2.674 -0.307989514515 -0.155516557397 9.95500016212
-21.078 -3.789 -2.779 -0.360320858928 -0.136693385009 10.0140001774
-21.075 -3.796 -2.771 -0.328454204397 -0.127619281418 10.0830001831
-21.072 -3.81 -2.695 -0.31001741763 -0.148454795163 10.1360001564
-21.045 -3.809 -2.825 -0.312648323125 -0.102427379387 10.1940000057
-21.026 -3.818 -3.108 -0.292627812007 -0.00983384405193 10.2570002079
-21.024 -3.807 3.064 -0.268400000973 0.0208677640763 10.3180000782
-21.027 -3.81 3.048 -0.209405488019 0.0196562423515 10.3760001659
-21.031 -3.803 3.064 -0.19305438501 0.0150097367573 10.4270000458
-21.032 -3.82 -3.052 -0.205431749209 -0.0184545793269 10.4790000916
-21.029 -3.82 3.108 -0.229996167483 0.00772908913907 10.5430002213
-21.02 -3.814 -3.109 -0.251243495305 -0.00819159300599 10.5990002155
-21.017 -3.804 -3.037 -0.268260944906 -0.0281608888906 10.6579999924
-20.995 -3.802 -2.722 -0.191076683163 -0.0852362612247 10.7150001526
-20.99 -3.808 -2.846 -0.314517831791 -0.0957749926352 10.7730000019
-20.987 -3.806 -2.718 -0.37513540983 -0.169144285499 10.8330001831
-20.979 -3.804 -2.789 -0.417366697277 -0.153578172537 10.8900001049
-20.981 -3.799 -2.833 -0.510023952117 -0.1625836246 10.9460000992
-20.988 -3.805 -2.757 -0.506847722347 -0.205145534808 10.9970002174
-21.003 -3.818 -2.785 -0.496848835291 -0.185084996904 11.0570001602
-21.019 -3.834 -2.728 -0.51957217977 -0.228045022385 11.1260001659
-21.035 -3.846 -2.666 -0.496878573859 -0.255903266615 11.1760001183
-21.061 -3.86 -2.673 -0.500092373896 -0.253145098194 11.2350001335
-21.072 -3.87 -2.753 -0.508583788956 -0.208219657719 11.2940001488
-21.073 -3.871 -2.737 -0.533409607169 -0.228415274323 11.3470001221
-21.068 -3.891 -2.593 -0.502858970549 -0.307332576632 11.4000000954
-21.053 -3.903 -2.652 -0.481068513848 -0.256344584513 11.4580001831
-21.043 -3.912 -2.746 -0.462975024789 -0.193341921471 11.5170001984
-21.047 -3.914 -2.731 -0.422331636083 -0.183856162853 11.5640001297
-21.053 -3.922 -2.752 -0.392697930538 -0.161233453204 11.623000145
-21.063 -3.931 -2.718 -0.467779511747 -0.210916456331 11.6780002117
-21.077 -3.953 -2.704 -0.516930898658 -0.241842478585 11.737000227
-21.099 -3.97 -2.665 -0.491585157345 -0.253799339585 11.7890000343
-21.111 -3.992 -2.714 -0.463863698338 -0.211387576374 11.8410000801
-21.126 -4.003 -2.582 -0.433082471016 -0.271275159459 11.8920001984
-21.133 -4.023 -2.591 -0.407373918613 -0.250095379322 11.9560000896
