-4.122 6.424 -0.428 1.19773135008 -0.546408122566 0.0190000534058
-4.064 6.379 -0.422 1.14978788911 -0.51622434803 0.0710000991821
-4.013 6.354 -0.431 1.07865231178 -0.495998755416 0.128000020981
-3.959 6.319 -0.471 0.974910059993 -0.49644815246 0.184000015259
-3.917 6.265 -0.538 0.900057576861 -0.537077175772 0.241000175476
-3.882 6.198 -0.558 0.908968670415 -0.567348147267 0.297000169754
-3.839 6.135 -0.601 0.955428237644 -0.655047195705 0.357000112534
-3.78 6.083 -0.623 0.967720692905 -0.695256744005 0.412000179291
-3.75 6.061 -0.544 0.941329599682 -0.569391433341 0.47000002861
-3.706 6.013 -0.529 0.955653768949 -0.558650824163 0.529000043869
-3.663 5.962 -0.604 0.912270708204 -0.629489710462 0.589000225067
-3.614 5.902 -0.622 0.96136760328 -0.689235833112 0.644000053406
-3.537 5.841 -0.574 1.01867920025 -0.658704915726 0.705000162125
-3.467 5.806 -0.534 1.04884943408 -0.620187668968 0.764000177383
-3.383 5.739 -0.585 1.08530721803 -0.718840455332 0.819000005722
-3.279 5.669 -0.641 1.059578165 -0.790550555158 0.881000041962
-3.208 5.625 -0.689 0.972940489403 -0.80136857473 0.936000108719
-3.175 5.609 -0.68 0.938733995585 -0.759117923763 0.992000102997
-3.128 5.587 -0.661 0.997861533425 -0.776045393138 1.04400014877
-3.073 5.526 -0.651 1.00719076352 -0.767261315917 1.09400010109
-3.037 5.483 -0.713 0.907450585869 -0.784725639361 1.15799999237
-2.978 5.432 -0.674 0.938545504648 -0.749696610018 1.21800017357
-2.936 5.393 -0.63 0.969668563185 -0.7069996319 1.26900005341
-2.874 5.339 -0.592 0.983691857878 -0.661489632803 1.32700014114
-2.831 5.301 -0.612 0.944287004923 -0.662795056842 1.375
-2.783 5.271 -0.639 0.939506681542 -0.698044663667 1.43200016022
-2.727 5.234 -0.663 0.944414907998 -0.737515476389 1.49300003052
-2.647 5.188 -0.6 1.02163591357 -0.698938733195 1.55400013924
-2.579 5.152 -0.567 1.05091812713 -0.669165959205 1.60900020599
-2.529 5.122 -0.573 1.00931371596 -0.651218536537 1.66100001335
-2.438 5.094 -0.463 1.17220493113 -0.585153859517 1.71400022507
-2.397 5.059 -0.527 1.11021357873 -0.646026814956 1.75900006294
-2.344 5.014 -0.516 1.07038514308 -0.607189491667 1.81300020218
-2.269 4.985 -0.561 1.0338002851 -0.649581663766 1.86100006104
-2.192 4.952 -0.558 0.980817624412 -0.612193885365 1.92000007629
-2.147 4.925 -0.625 0.860442412316 -0.620795812854 1.98000001907
-2.169 4.897 -0.682 0.725867169445 -0.589385707874 2.03600001335
-2.088 4.855 -0.705 0.800528378834 -0.681147062157 2.09500002861
-2.02 4.812 -0.654 0.92522830325 -0.70922017999 2.14900016785
-1.991 4.766 -0.676 0.920087600217 -0.737971843977 2.20200014114
-1.902 4.712 -0.687 0.985213098772 -0.808175239022 2.25800013542
-1.839 4.651 -0.755 0.94713170734 -0.891231619362 2.31600022316
-1.814 4.61 -0.679 0.983085136316 -0.793358334296 2.37400007248
-1.775 4.601 -0.609 0.934625647513 -0.65183728673 2.42500019073
-1.73 4.592 -0.547 0.922688298949 -0.56190341229 2.47699999809
-1.673 4.563 -0.538 0.935620379241 -0.558298006478 2.53600001335
-1.619 4.534 -0.497 0.928470377306 -0.503614878718 2.58800005913
-1.564 4.526 -0.471 0.947651744598 -0.482567548625 2.63700008392
-1.509 4.522 -0.423 0.923372892122 -0.415680006099 2.69600009918
-1.451 4.524 -0.407 0.889749329283 -0.383543465407 2.7570002079
-1.406 4.514 -0.394 0.885444729642 -0.368113468654 2.81300020218
-1.347 4.502 -0.38 0.917853121889 -0.366602213308 2.86600017548
-1.285 4.49 -0.389 0.909529267156 -0.372803703323 2.91300010681
-1.229 4.483 -0.388 0.898991697859 -0.367434898049 2.96700000763
-1.166 4.466 -0.402 0.873938680138 -0.371557411573 3.02600002289
-1.12 4.452 -0.419 0.816056340278 -0.363449994334 3.08000016212
-1.07 4.429 -0.396 0.786438480693 -0.32879902693 3.12900018692
-1.011 4.403 -0.403 0.800517412525 -0.341287776711 3.17900013924
-0.903 4.37 -0.346 0.968134803587 -0.349014626425 3.23100018501
-0.818 4.35 -0.367 1.04593126199 -0.40207255415 3.28000020981
-0.744 4.325 -0.385 1.03467869703 -0.419274595824 3.33800005913
-0.666 4.327 -0.314 1.08189987633 -0.351340088692 3.38800001144
-0.612 4.327 -0.349 1.03690987794 -0.377327006639 3.44500017166
-0.564 4.285 -0.421 0.989832362972 -0.443219721246 3.5
-0.508 4.216 -0.45 1.01006843304 -0.487918673199 3.5600001812
-0.431 4.162 -0.461 1.06215269719 -0.527565781396 3.61200022697
-0.338 4.138 -0.449 1.10779881016 -0.533762191138 3.67000007629
-0.272 4.111 -0.396 1.10051474026 -0.460109957235 3.72300004959
-0.237 4.095 -0.444 1.04074263484 -0.495056616161 3.77700018883
-0.231 4.09 -0.432 0.885021909863 -0.408033966698 3.83000016212
-0.185 4.083 -0.37 0.827600879529 -0.320995893723 3.89100003242
-0.179 4.069 -0.378 0.731569692748 -0.290503039049 3.94400000572
-0.132 4.064 -0.381 0.785659136259 -0.314713613809 4.0
-0.105 4.064 -0.374 0.79090636945 -0.310408674307 4.0490000248
-0.046 4.006 -0.418 0.80859546173 -0.359158560046 4.10700011253
-0.005 3.996 -0.383 0.804073474993 -0.32395758206 4.15600013733
0.065 3.975 -0.396 0.86891070433 -0.363279520378 4.21200013161
0.114 3.981 -0.264 0.896500058676 -0.242332210856 4.26400017738
0.196 3.997 -0.103 1.02321625295 -0.105765561134 4.31200003624
0.284 4.031 -0.074 1.08912016983 -0.0807423280628 4.37700009346
0.381 4.038 -0.04 1.24149514133 -0.0496863078442 4.42800021172
0.479 4.048 -0.003 1.34911592896 -0.00404735992895 4.48400020599
0.558 4.039 -0.03 1.35169450929 -0.0405630049103 4.54600000381
0.652 4.035 -0.005 1.33157335516 -0.00665792225858 4.6210000515
0.771 4.006 0.037 1.3654648059 0.050545265413 4.68099999428
0.867 3.979 0.057 1.32317458915 0.0755027387643 4.74000000954
0.993 3.943 0.08 1.40341905194 0.112513655762 4.79400014877
1.09 3.943 0.077 1.42609886058 0.110027148585 4.85199999809
1.206 3.942 0.122 1.50191401623 0.184148037619 4.91000008583
1.273 3.96 0.176 1.41456385851 0.251566123067 4.96400022507
1.393 3.941 0.05 1.47176237872 0.0736495037539 5.02500009537
1.438 3.889 -0.014 1.32982366664 -0.0186187477737 5.09400010109
1.524 3.821 -0.127 1.4534791236 -0.185590720825 5.14100003242
1.64 3.756 -0.181 1.49729523868 -0.274009266509 5.1970000267
1.708 3.725 -0.149 1.45519185619 -0.21844253179 5.24500012398
1.763 3.707 -0.085 1.46775074143 -0.125060144708 5.30000019073
1.813 3.69 -0.104 1.39754685504 -0.145871166715 5.35700011253
1.864 3.674 -0.168 1.32885214553 -0.225371455402 5.41600012779
1.925 3.641 -0.208 1.26401900598 -0.266774337277 5.47600007057
1.958 3.619 -0.255 1.18703546781 -0.309430199508 5.52500009537
1.965 3.607 -0.227 1.10260494788 -0.254680909005 5.58600020409
2.022 3.584 -0.241 1.11883708153 -0.274984252183 5.64200019836
2.045 3.599 -0.219 1.03662261943 -0.23072073387 5.70100021362
2.099 3.576 -0.238 1.04452139703 -0.25339876463 5.75300002098
2.134 3.556 -0.296 0.99832862521 -0.304449186315 5.80599999428
2.185 3.534 -0.248 1.02428720265 -0.259362432689 5.85500001907
2.227 3.515 -0.287 1.01107378522 -0.298416960109 5.91200017929
2.279 3.471 -0.346 0.968741578814 -0.349233370167 5.97100019455
2.324 3.396 -0.39 0.979834784377 -0.402765904155 6.02800011635
2.362 3.319 -0.499 0.914982280552 -0.498669690858 6.08800005913
2.402 3.266 -0.536 0.908791237112 -0.539826844747 6.14500021935
2.433 3.205 -0.587 0.810956598692 -0.539464085035 6.20100021362
2.466 3.122 -0.722 0.789023635771 -0.694824170129 6.25100016594
2.491 3.111 -0.703 0.747264994568 -0.633254577478 6.31100010872
2.571 3.029 -0.684 0.819640811015 -0.668252015994 6.36400008202
2.619 2.97 -0.736 0.77899674416 -0.705600649935 6.42200016975
2.71 2.859 -0.865 0.826431074116 -0.969709953202 6.48000001907
2.743 2.806 -0.855 0.844679215988 -0.971277646681 6.53900003433
2.781 2.763 -0.854 0.843411764965 -0.967863895877 6.59500002861
2.813 2.713 -0.824 0.831595048129 -0.898409594799 6.65600013733
2.82 2.673 -0.876 0.766678062037 -0.919905087075 6.70700001717
2.836 2.634 -0.904 0.72268788774 -0.918220283456 6.76300001144
2.83 2.602 -0.943 0.619027423494 -0.852954475375 6.8180000782
2.829 2.597 -0.906 0.560365618914 -0.714917090312 6.87900018692
2.88 2.557 -0.874 0.598453348502 -0.715146198225 6.94100022316
2.953 2.444 -0.934 0.640420570951 -0.865929311609 7.00100016594
2.998 2.376 -0.995 0.589966158255 -0.90879114605 7.06300020218
3.014 2.341 -0.971 0.564139065163 -0.824960282676 7.12400007248
3.031 2.293 -1.005 0.519604574284 -0.818205674563 7.1740000248
3.075 2.242 -1.02 0.531295468779 -0.86501831059 7.22600007057
3.127 2.173 -1.047 0.541330652497 -0.937184578057 7.28299999237
3.162 2.074 -1.092 0.52405483138 -1.00958026367 7.34200000763
3.189 2.014 -1.117 0.488062477119 -1.00064914297 7.39900016785
3.228 1.933 -1.1 0.522460177388 -1.02650867905 7.46600008011
3.257 1.876 -1.125 0.48310396707 -1.01092948499 7.52600002289
3.284 1.816 -1.134 0.476379712233 -1.020363199 7.57800006866
3.268 1.754 -1.242 0.332289274848 -0.973939737379 7.63300013542
3.296 1.713 -1.164 0.364858772396 -0.846878773714 7.69600009918
3.322 1.691 -1.125 0.378862732369 -0.792797271442 7.75200009346
3.355 1.648 -1.109 0.353861363799 -0.711010390367 7.80800008774
3.387 1.574 -1.051 0.387411745385 -0.676948373729 7.875
3.426 1.52 -1.007 0.45554613628 -0.720515024574 7.92300009727
3.464 1.463 -0.948 0.52466872678 -0.730594968528 7.97300004959
3.522 1.407 -0.886 0.555403435876 -0.680120432708 8.02800011635
3.565 1.351 -0.857 0.560636984089 -0.647273716388 8.08900022507
3.583 1.313 -0.864 0.553309037327 -0.647923012488 8.14500021935
3.652 1.257 -0.776 0.625402274303 -0.613756118367 8.20399999619
3.703 1.218 -0.722 0.680014872647 -0.598829677771 8.25500011444
3.746 1.172 -0.768 0.630601557756 -0.6090320336 8.31300020218
3.808 1.119 -0.761 0.627875764519 -0.597961647152 8.37400007248
3.851 1.017 -0.879 0.612553975445 -0.739477492506 8.42900013924
3.911 0.96 -0.834 0.677468019536 -0.746741785082 8.48500013351
3.971 0.899 -0.927 0.610589621573 -0.81361897841 8.54700016975
4.031 0.814 -0.954 0.621185991571 -0.876040618468 8.60500001907
4.073 0.756 -0.97 0.600766989045 -0.876639867879 8.66600012779
4.118 0.669 -1.007 0.599057336121 -0.947499664427 8.72500014305
4.152 0.598 -1.033 0.601103199797 -1.00782162963 8.78100013733
4.192 0.52 -0.984 0.685752632196 -1.03132224714 8.83900022507
4.23 0.462 -0.963 0.720685505618 -1.03599794314 8.89700007439
4.27 0.38 -0.989 0.724094512315 -1.10088447933 8.95900011063
4.31 0.308 -1.005 0.732842239096 -1.15398460342 9.0110001564
4.327 0.26 -1.034 0.646594342129 -1.08656133298 9.06700015068
4.405 0.205 -0.896 0.718438418332 -0.897946067063 9.13900017738
4.422 0.189 -0.894 0.678394865794 -0.844429680213 9.19400000572
4.477 0.15 -0.786 0.733621186938 -0.734504758976 9.24700021744
4.507 0.125 -0.727 0.721564588008 -0.641852876692 9.30599999428
4.56 0.078 -0.672 0.795091551344 -0.632507000025 9.3630001545
4.6 0.015 -0.783 0.723547807093 -0.720085731345 9.43099999428
4.646 -0.043 -0.816 0.748141718494 -0.795391417583 9.48200011253
4.691 -0.105 -0.801 0.790557903058 -0.815619250044 9.54000020027
4.728 -0.187 -0.901 0.752791658843 -0.950587277673 9.59900021553
4.752 -0.242 -0.909 0.769168531138 -0.987395522492 9.66100001335
4.778 -0.338 -1.034 0.654960609557 -1.1006203219 9.72000002861
4.807 -0.401 -0.988 0.688472759608 -1.04445017018 9.78000020981
4.839 -0.465 -0.953 0.698029077488 -0.982326820824 9.84000015259
4.863 -0.52 -0.966 0.693248093043 -1.00296127186 9.89800000191
4.901 -0.562 -0.926 0.731887146732 -0.97322086319 9.95500016212
4.962 -0.605 -0.859 0.791895060561 -0.9179721746 10.0140001774
5.052 -0.657 -0.782 0.869432368156 -0.863543410628 10.0830001831
5.123 -0.7 -0.729 0.96970429936 -0.866060617973 10.1360001564
5.194 -0.748 -0.738 0.954883767203 -0.868398749514 10.1940000057
5.252 -0.8 -0.765 0.938845233233 -0.901304354391 10.2570002079
5.329 -0.857 -0.737 0.996195667211 -0.904150522291 10.3180000782
5.383 -0.894 -0.684 1.05213605952 -0.857805069517 10.3760001659
5.455 -0.938 -0.616 1.11751445176 -0.791074517594 10.4270000458
5.506 -0.957 -0.672 0.990361228194 -0.78784689427 10.4790000916
5.593 -1.032 -0.735 0.958878562556 -0.866790227983 10.5430002213
5.635 -1.085 -0.781 0.92502851311 -0.916927238507 10.5990002155
5.694 -1.144 -0.76 0.920132926131 -0.874541683595 10.6579999924
5.733 -1.19 -0.851 0.826757431138 -0.943025264342 10.7150001526
5.799 -1.267 -0.868 0.864648961029 -1.02074078663 10.7730000019
5.842 -1.31 -0.876 0.809868550221 -0.971727555672 10.8330001831
5.877 -1.343 -0.901 0.745434866824 -0.941297492358 10.8900001049
5.922 -1.401 -0.881 0.759316628435 -0.920390762961 10.9460000992
5.944 -1.429 -0.9 0.724552930286 -0.91305132915 10.9970002174
5.986 -1.493 -0.894 0.728127993963 -0.906334820764 11.0570001602
6.033 -1.554 -0.898 0.686209567293 -0.861189730696 11.1260001659
6.065 -1.605 -0.942 0.626678745344 -0.861683201701 11.1760001183
6.096 -1.663 -0.87 0.701963337938 -0.832054595477 11.2350001335
6.142 -1.708 -0.821 0.762951594205 -0.819306707604 11.2940001488
6.19 -1.751 -0.778 0.818915739026 -0.806887561113 11.3470001221
6.229 -1.796 -0.826 0.794401375821 -0.861678221945 11.4000000954
6.28 -1.842 -0.849 0.796047813931 -0.90434177764 11.4580001831
6.321 -1.873 -0.867 0.72599949884 -0.855325723853 11.5170001984
6.347 -1.921 -0.917 0.67635777333 -0.882729252775 11.5640001297
6.383 -1.896 -0.892 0.615868958744 -0.763468380684 11.623000145
6.427 -1.93 -0.883 0.603816069264 -0.734893017566 11.6780002117
6.456 -1.965 -0.882 0.615638213062 -0.747755805179 11.737000227
6.507 -2.025 -0.883 0.637656005648 -0.776078958499 11.7890000343
6.551 -2.067 -0.818 0.722355297096 -0.771060657221 11.8410000801
6.594 -2.114 -0.757 0.783107741743 -0.739846994383 11.8920001984
6.667 -2.189 -0.826 0.811575353828 -0.880306642394 11.9560000896
