-13.355 -10.392 -1.676 -0.0685540193428 -0.649225603051 0.0190000534058
-13.34 -10.392 -1.635 -0.0406099943212 -0.631648896595 0.0710000991821
-13.322 -10.392 -1.621 -0.0308459314197 -0.613899547801 0.128000020981
-13.307 -10.415 -1.514 0.0325429793059 -0.572360590644 0.184000015259
-13.301 -10.426 -1.54 0.0181336137085 -0.588637753583 0.241000175476
-13.295 -10.425 -1.596 -0.0144165624978 -0.571881315217 0.297000169754
-13.28 -10.434 -1.587 -0.00938347679821 -0.579044974941 0.357000112534
-13.303 -10.425 -1.625 -0.0295589365164 -0.544796702336 0.412000179291
-13.309 -10.402 -1.625 -0.0273175200861 -0.503485463715 0.47000002861
-13.311 -10.373 -1.629 -0.0259603555664 -0.445522292622 0.529000043869
-13.309 -10.373 -1.59 -0.00784060828168 -0.408236713447 0.589000225067
-13.299 -10.387 -1.571 -9.13158625107e-05 -0.448344990701 0.644000053406
-13.295 -10.397 -1.581 -0.00528258463565 -0.517696048883 0.705000162125
-13.294 -10.411 -1.662 -0.0473004417179 -0.51718551657 0.764000177383
-13.277 -10.439 -1.606 -0.0187376143057 -0.532043149509 0.819000005722
-13.239 -10.451 -1.574 -0.001916232202 -0.598133930506 0.881000041962
-13.224 -10.462 -1.58 -0.00543192203371 -0.590174003006 0.936000108719
-13.208 -10.456 -1.638 -0.0395106002019 -0.587037871374 0.992000102997
-13.222 -10.439 -1.665 -0.0510062341649 -0.539843734409 1.04400014877
-13.206 -10.454 -1.52 0.0297307457804 -0.584789731254 1.09400010109
-13.216 -10.424 -1.654 -0.042963857989 -0.515177592741 1.15799999237
-13.219 -10.434 -1.706 -0.0679636737843 -0.499609519091 1.21800017357
-13.233 -10.402 -1.827 -0.11067249905 -0.422477586675 1.26900005341
-13.235 -10.397 -1.877 -0.114487924084 -0.362135436602 1.32700014114
-13.244 -10.404 -1.862 -0.117952672292 -0.393537473 1.375
-13.231 -10.436 -1.685 -0.0495364928908 -0.431868296906 1.43200016022
-13.207 -10.439 -1.664 -0.0418012884314 -0.447194571771 1.49300003052
-13.209 -10.433 -1.75 -0.0884150344917 -0.488084581256 1.55400013924
-13.197 -10.409 -1.815 -0.121548777126 -0.487801472802 1.60900020599
-13.17 -10.396 -1.822 -0.144174348079 -0.561810606505 1.66100001335
-13.138 -10.427 -1.656 -0.0515562526576 -0.603629279228 1.71400022507
-13.113 -10.469 -1.574 -0.00213133606405 -0.665276585945 1.75900006294
-13.09 -10.514 -1.535 0.0257204671985 -0.718215601712 1.81300020218
-13.091 -10.494 -1.531 0.0291816280758 -0.732887262549 1.86100006104
-13.071 -10.514 -1.392 0.136421687461 -0.754852557624 1.92000007629
-13.025 -10.549 -1.343 0.185489498027 -0.800144251926 1.98000001907
-12.997 -10.592 -1.407 0.12315752797 -0.745158013171 2.03600001335
-12.964 -10.617 -1.35 0.159306340218 -0.709745073377 2.09500002861
-12.945 -10.641 -1.37 0.1443674921 -0.709285872174 2.14900016785
-12.935 -10.651 -1.422 0.105724004267 -0.705276783661 2.20200014114
-12.931 -10.658 -1.481 0.0583600477942 -0.648167978939 2.25800013542
-12.916 -10.661 -1.494 0.0433307155564 -0.563119361899 2.31600022316
-12.887 -10.68 -1.449 0.0705082886833 -0.576037858822 2.37400007248
-12.867 -10.685 -1.469 0.0611897308337 -0.599021862841 2.42500019073
-12.857 -10.679 -1.482 0.0576790392607 -0.64785747262 2.47699999809
-12.851 -10.692 -1.476 0.0678609661036 -0.71371510397 2.53600001335
-12.796 -10.728 -1.42 0.116951579905 -0.769672317942 2.58800005913
-12.777 -10.75 -1.346 0.166200514965 -0.726842301486 2.63700008392
-12.753 -10.772 -1.241 0.227431348558 -0.664426330169 2.69600009918
-12.742 -10.79 -1.23 0.23127780071 -0.652160781429 2.7570002079
-12.739 -10.797 -1.292 0.189482527839 -0.661944055449 2.81300020218
-12.744 -10.802 -1.338 0.143392083955 -0.604787636427 2.86600017548
-12.726 -10.814 -1.271 0.186895935228 -0.604619909368 2.91300010681
-12.711 -10.818 -1.272 0.191908391836 -0.623043008294 2.96700000763
-12.715 -10.826 -1.234 0.205539713732 -0.587027555503 3.02600002289
-12.703 -10.831 -1.217 0.221650126475 -0.600130320805 3.08000016212
-12.698 -10.826 -1.171 0.227098231469 -0.537442986167 3.12900018692
-12.675 -10.839 -1.104 0.25806746887 -0.512097442109 3.17900013924
-12.649 -10.845 -1.054 0.265170207483 -0.466589637732 3.23100018501
-12.647 -10.838 -0.988 0.273944846995 -0.415589052827 3.28000020981
-12.63 -10.846 -1.04 0.273362988668 -0.465705181945 3.33800005913
-12.618 -10.847 -1.084 0.256461627557 -0.484548094496 3.38800001144
-12.593 -10.8 -1.031 0.239644216128 -0.399971786552 3.44500017166
-12.581 -10.755 -0.964 0.289696625758 -0.417333556946 3.5
-12.556 -10.754 -0.818 0.389528579261 -0.415792842579 3.5600001812
-12.547 -10.769 -0.878 0.398717763033 -0.480354997862 3.61200022697
-12.544 -10.764 -0.835 0.426520664954 -0.471079848569 3.67000007629
-12.529 -10.756 -0.826 0.406041860194 -0.440429030936 3.72300004959
-12.514 -10.771 -0.792 0.422102258034 -0.427712678899 3.77700018883
-12.511 -10.762 -0.81 0.372977282321 -0.391795904104 3.83000016212
-12.497 -10.766 -0.767 0.41745862893 -0.402373520974 3.89100003242
-12.491 -10.747 -0.84 0.329303464534 -0.367381597528 3.94400000572
-12.503 -10.733 -0.792 0.278382958715 -0.28208311793 4.0
-12.521 -10.723 -0.936 0.165144780034 -0.224233226538 4.0490000248
-12.502 -10.721 -0.981 0.203269181789 -0.303721973013 4.10700011253
-12.499 -10.74 -0.955 0.173690419142 -0.245470439634 4.15600013733
-12.49 -10.747 -0.82 0.19793283887 -0.212127339579 4.21200013161
-12.431 -10.782 -0.531 0.400078394879 -0.234950477989 4.26400017738
-12.423 -10.792 -0.614 0.32311725284 -0.227761970587 4.31200003624
-12.405 -10.802 -0.663 0.311339476734 -0.243132208691 4.37700009346
-12.493 -10.737 0.193 0.281116830176 0.0549393940352 4.42800021172
-12.531 -10.679 0.705 0.324788484637 0.276353378572 4.48400020599
-12.513 -10.617 0.821 0.401236613782 0.430873795277 4.54600000381
-12.512 -10.52 1.048 0.365529132541 0.634289936102 4.6210000515
-12.501 -10.479 1.056 0.368049110258 0.65063967218 4.68099999428
-12.536 -10.435 1.295 0.165380197229 0.584364709938 4.74000000954
-12.519 -10.407 1.208 0.230153569658 0.606307530726 4.79400014877
-12.502 -10.394 1.175 0.256249661707 0.613262110513 4.85199999809
-12.491 -10.38 1.19 0.242346022946 0.60535598226 4.91000008583
-12.517 -10.363 1.253 0.216947256722 0.659523391035 4.96400022507
-12.532 -10.325 1.233 0.231457204242 0.658935285002 5.02500009537
-12.52 -10.326 1.151 0.266027119026 0.596034651012 5.09400010109
-12.507 -10.321 1.193 0.263702212871 0.664472073095 5.14100003242
-12.489 -10.299 1.265 0.212129527238 0.671936651441 5.1970000267
-12.59 -10.17 1.338 0.154739029915 0.65264587545 5.24500012398
-12.582 -10.165 1.188 0.238141763423 0.591423245348 5.30000019073
-12.564 -10.162 1.177 0.244413022156 0.58823881598 5.35700011253
-12.533 -10.201 1.131 0.269684828024 0.573149071239 5.41600012779
-12.531 -10.149 1.25 0.207483691068 0.624436624459 5.47600007057
-12.534 -10.133 1.189 0.242639401452 0.604336600242 5.52500009537
-12.537 -10.12 1.247 0.191497936955 0.570600090493 5.58600020409
-12.521 -10.141 1.183 0.233762441259 0.572272183215 5.64200019836
-12.529 -10.109 1.259 0.188195937893 0.583898574621 5.70100021362
-12.532 -10.095 1.216 0.184388129146 0.497709379175 5.75300002098
-12.536 -10.095 1.11 0.221476563597 0.446128705665 5.80599999428
-12.589 -10.095 1.22 0.155437500328 0.424772481751 5.85500001907
-12.561 -10.11 1.232 0.133495860898 0.37883722629 5.91200017929
-12.674 -10.031 1.441 0.0716624591947 0.549010697679 5.97100019455
-12.649 -10.049 1.548 0.0104207573246 0.457045217361 6.02800011635
-12.636 -10.079 1.709 -0.0658817042861 0.473661193134 6.08800005913
-12.674 -10.099 2.063 -0.282144555983 0.52617106293 6.14500021935
-12.696 -10.089 2.05 -0.270409912039 0.520420281956 6.20100021362
-12.696 -10.124 2.027 -0.247339019199 0.504023219765 6.25100016594
-12.707 -10.122 2.004 -0.24210893123 0.523473954863 6.31100010872
-12.726 -10.096 2.031 -0.260153940045 0.52481873545 6.36400008202
-12.742 -10.07 1.959 -0.225050578377 0.550304284108 6.42200016975
-12.771 -10.036 1.92 -0.221589115772 0.608550115287 6.48000001907
-12.805 -10.012 1.997 -0.279181378054 0.614890680814 6.53900003433
-12.847 -9.988 2.109 -0.371702730692 0.622627576964 6.59500002861
-12.88 -9.976 2.107 -0.352667003593 0.593434853796 6.65600013733
-12.937 -9.959 2.177 -0.43505384248 0.627527056284 6.70700001717
-12.973 -9.937 2.23 -0.448562618561 0.578917676595 6.76300001144
-13.025 -9.904 2.28 -0.470820158901 0.548648744474 6.8180000782
-13.063 -9.893 2.394 -0.49641591162 0.460232105341 6.87900018692
-13.077 -9.885 2.447 -0.474221378642 0.39506748255 6.94100022316
-13.088 -9.885 2.392 -0.368068608108 0.342611465842 7.00100016594
-13.165 -9.915 2.689 -0.433356273464 0.21072239648 7.06300020218
-13.204 -9.935 2.836 -0.42518751926 0.13413592286 7.12400007248
-13.243 -9.97 2.981 -0.446947029222 0.072399879824 7.1740000248
-13.265 -9.992 -2.935 -0.498522857643 -0.104481853561 7.22600007057
-13.266 -9.997 -2.782 -0.514243661149 -0.193323663561 7.28299999237
-13.29 -10.015 -2.545 -0.439757044926 -0.298659365891 7.34200000763
-13.268 -10.046 -2.371 -0.409711434529 -0.397755599835 7.39900016785
-13.256 -10.109 -2.217 -0.389091011519 -0.515877541705 7.46600008011
-13.238 -10.159 -2.036 -0.29331354533 -0.584352095359 7.52600002289
-13.235 -10.196 -1.996 -0.280675492737 -0.619827266262 7.57800006866
-13.239 -10.238 -1.914 -0.237560204128 -0.664791316774 7.63300013542
-13.232 -10.271 -1.897 -0.231178793897 -0.683377366097 7.69600009918
-13.224 -10.297 -1.853 -0.2170745819 -0.748683469977 7.75200009346
-13.217 -10.32 -1.78 -0.145877420021 -0.687096056785 7.80800008774
-13.218 -10.342 -1.884 -0.210726482588 -0.650664406207 7.875
-13.217 -10.367 -1.834 -0.177499343752 -0.658734966331 7.92300009727
-13.229 -10.391 -1.88 -0.215803291012 -0.675547032877 7.97300004959
-13.244 -10.394 -1.928 -0.248919954073 -0.666963617047 8.02800011635
-13.25 -10.387 -2.004 -0.270032742555 -0.583849207749 8.08900022507
-13.266 -10.383 -1.97 -0.239008085115 -0.566564729289 8.14500021935
-13.274 -10.384 -1.967 -0.236807552971 -0.566084523067 8.20399999619
-13.289 -10.388 -2.025 -0.256856454797 -0.526075458706 8.25500011444
-13.31 -10.415 -1.989 -0.260972854611 -0.587221605833 8.31300020218
-13.337 -10.416 -2.1 -0.314623121463 -0.537957256552 8.37400007248
-13.336 -10.43 -1.99 -0.256923837409 -0.576556561226 8.42900013924
-13.329 -10.449 -1.856 -0.177458560459 -0.605254142166 8.48500013351
-13.3 -10.464 -1.765 -0.125386562508 -0.63750732371 8.54700016975
-13.253 -10.483 -1.573 -0.00144265773649 -0.654659410426 8.60500001907
-13.207 -10.504 -1.419 0.0968651474832 -0.63321696368 8.66600012779
-13.223 -10.512 -1.481 0.0593764321605 -0.659456314459 8.72500014305
-13.237 -10.528 -1.453 0.0797507915211 -0.673888385812 8.78100013733
-13.206 -10.545 -1.443 0.0838795034932 -0.652775947277 8.83900022507
-13.181 -10.559 -1.44 0.0812799248619 -0.617875851135 8.89700007439
-13.171 -10.575 -1.473 0.0662944902296 -0.67572073506 8.95900011063
-13.15 -10.602 -1.556 0.0102521043165 -0.692831151873 9.0110001564
-13.153 -10.619 -1.541 0.019298161778 -0.647477471559 9.06700015068
-13.196 -10.618 -1.719 -0.0801310038153 -0.536717253108 9.13900017738
-13.231 -10.581 -1.63 -0.0241180917961 -0.40689885158 9.19400000572
-13.23 -10.568 -1.639 -0.0277199321942 -0.40579833279 9.24700021744
-13.236 -10.558 -1.744 -0.0708326941374 -0.404858377097 9.30599999428
-13.23 -10.542 -1.683 -0.0407541415076 -0.361690216056 9.3630001545
-13.218 -10.531 -1.568 0.00107975823976 -0.386133490321 9.43099999428
-13.216 -10.535 -1.676 -0.0415313435249 -0.393313357903 9.48200011253
-13.201 -10.55 -1.687 -0.0546486045485 -0.468164237923 9.54000020027
-13.191 -10.561 -1.503 0.0331396812114 -0.488063195189 9.59900021553
-13.178 -10.564 -1.367 0.098411833932 -0.476189162462 9.66100001335
-13.167 -10.553 -1.36 0.0990719974356 -0.463007154878 9.72000002861
-13.15 -10.553 -1.342 0.109272338438 -0.469233626857 9.78000020981
-13.142 -10.556 -1.384 0.0969328888342 -0.51287322924 9.84000015259
-13.144 -10.539 -1.342 0.119645055802 -0.513775803392 9.89800000191
-13.149 -10.539 -1.265 0.188614605502 -0.597451321766 9.95500016212
-13.131 -10.556 -1.358 0.127851975194 -0.591722219093 10.0140001774
-13.123 -10.559 -1.378 0.110134836302 -0.564154195454 10.0830001831
-13.125 -10.552 -1.388 0.0966091721204 -0.52260742944 10.1360001564
-13.113 -10.58 -1.434 0.0770687299569 -0.559864404654 10.1940000057
-13.09 -10.61 -1.325 0.13044491661 -0.519972355953 10.2570002079
-13.058 -10.634 -1.297 0.136999530197 -0.487803967855 10.3180000782
-13.067 -10.576 -1.261 0.0973003017083 -0.3039656536 10.3760001659
-13.07 -10.567 -1.205 0.115283754307 -0.300974511872 10.4270000458
-13.061 -10.562 -1.191 0.138404752075 -0.346725636266 10.4790000916
-13.055 -10.554 -1.288 0.0996400346266 -0.342895429746 10.5430002213
-13.048 -10.528 -1.232 0.133075103162 -0.377643191564 10.5990002155
-13.039 -10.546 -1.229 0.158173140858 -0.444607227265 10.6579999924
-12.979 -10.515 -1.022 0.230190082541 -0.376465726987 10.7150001526
-12.951 -10.512 -1.01 0.266919089768 -0.424990182708 10.7730000019
-12.939 -10.49 -1.02 0.229987933618 -0.374450349165 10.8330001831
-12.933 -10.474 -0.962 0.260620221261 -0.373848065255 10.8900001049
-12.927 -10.48 -0.953 0.275146059676 -0.387209305142 10.9460000992
-12.937 -10.482 -1.013 0.245081568647 -0.39283201105 10.9970002174
-12.932 -10.494 -0.987 0.289023200783 -0.437510974557 11.0570001602
-12.917 -10.494 -0.901 0.312957932473 -0.39518746729 11.1260001659
-12.907 -10.495 -0.825 0.337628232272 -0.365487470917 11.1760001183
-12.915 -10.503 -0.94 0.269639289284 -0.369199412343 11.2350001335
-12.911 -10.505 -1.079 0.244152919583 -0.455766185349 11.2940001488
-12.906 -10.516 -1.051 0.270115243137 -0.471988980042 11.3470001221
-12.895 -10.537 -1.105 0.260505157437 -0.518223526294 11.4000000954
-12.868 -10.551 -1.0 0.308079294201 -0.479805072595 11.4580001831
-12.856 -10.555 -1.044 0.266379319254 -0.457994222892 11.5170001984
-12.864 -10.56 -1.064 0.252711965112 -0.455205496331 11.5640001297
-12.86 -10.569 -1.131 0.193316695173 -0.410847303147 11.623000145
-12.867 -10.584 -1.277 0.138978765463 -0.45935514508 11.6780002117
-12.885 -10.582 -1.423 0.0784397788963 -0.526858869758 11.737000227
-12.882 -10.592 -1.412 0.0835720697047 -0.521853552421 11.7890000343
-12.902 -10.59 -1.458 0.0549648783046 -0.485224790934 11.8410000801
-12.904 -10.571 -1.335 0.102419248309 -0.426274698301 11.8920001984
-12.939 -10.546 -1.245 0.119979577836 -0.355142816267 11.9560000896
