34.131 -20.556 3.095 -1.19364320172 0.0556552835987 0.0190000534058
34.046 -20.622 3.107 -1.2080518308 0.0418063957298 0.0710000991821
33.966 -20.654 3.01 -1.17803211303 0.155921423511 0.128000020981
33.852 -20.665 2.847 -1.08034697095 0.32780029996 0.184000015259
33.776 -20.661 2.798 -1.00581130066 0.359863432391 0.241000175476
33.712 -20.67 2.81 -0.91993914761 0.316739969526 0.297000169754
33.657 -20.635 2.711 -0.869650903035 0.399464164744 0.357000112534
33.614 -20.619 2.699 -0.867079246805 0.410953665339 0.412000179291
33.55 -20.58 2.653 -0.889459602659 0.472820501798 0.47000002861
33.497 -20.539 2.634 -0.90279927853 0.502139123239 0.529000043869
33.45 -20.515 2.613 -0.911654469234 0.532431811363 0.589000225067
33.411 -20.494 2.633 -0.868336829914 0.484108626281 0.644000053406
33.333 -20.463 2.618 -0.952861674821 0.550127166583 0.705000162125
33.3 -20.405 2.531 -0.826339666325 0.57827364334 0.764000177383
33.235 -20.384 2.616 -0.820541013623 0.475923503613 0.819000005722
33.124 -20.342 2.65 -0.97388914128 0.521454971146 0.881000041962
33.092 -20.317 2.647 -0.888924153358 0.47939853108 0.936000108719
33.043 -20.291 2.647 -0.908046555996 0.489711280149 0.992000102997
32.987 -20.28 2.615 -0.858964828191 0.499358370002 1.04400014877
32.943 -20.267 2.619 -0.885479860838 0.510044857529 1.09400010109
32.861 -20.233 2.6 -0.915900968036 0.551002920296 1.15799999237
32.841 -20.208 2.581 -0.845723946771 0.530924729085 1.21800017357
32.739 -20.183 2.684 -1.05622442142 0.520142003212 1.26900005341
32.607 -20.125 2.729 -1.13931387227 0.498697170784 1.32700014114
32.557 -20.075 2.755 -1.16590779042 0.474614709754 1.375
32.482 -20.048 2.754 -1.15058241399 0.469717889787 1.43200016022
32.505 -20.039 2.668 -0.948519926632 0.486110622885 1.49300003052
32.526 -20.01 2.564 -0.75593431481 0.492667467915 1.55400013924
32.514 -20.011 2.611 -0.77376307293 0.453977163358 1.60900020599
32.497 -19.996 2.576 -0.707894330869 0.449348643425 1.66100001335
32.483 -19.963 2.518 -0.616910898724 0.443772809312 1.71400022507
32.456 -19.943 2.607 -0.643553621662 0.381050035117 1.75900006294
32.412 -19.906 2.544 -0.691680397784 0.470763574607 1.81300020218
32.33 -19.857 2.545 -0.733195059992 0.497946705386 1.86100006104
32.267 -19.823 2.524 -0.751420077812 0.533719363515 1.92000007629
32.21 -19.807 2.584 -0.766714308882 0.478123802627 1.98000001907
32.158 -19.781 2.586 -0.764495811256 0.474619404597 2.03600001335
32.114 -19.697 2.478 -0.728824272045 0.569851432504 2.09500002861
32.304 -19.685 1.288 0.224553181299 0.772764279848 2.14900016785
32.32 -19.629 1.329 0.193209132457 0.783423895311 2.20200014114
32.333 -19.584 1.323 0.183842491632 0.726661980923 2.25800013542
32.34 -19.539 1.307 0.187366057783 0.693715443622 2.31600022316
32.35 -19.51 1.3 0.179158945464 0.645348876032 2.37400007248
32.358 -19.478 1.358 0.139900380292 0.647484431527 2.42500019073
32.362 -19.45 1.293 0.178857454324 0.627196022813 2.47699999809
32.374 -19.418 1.319 0.145799841105 0.566749466292 2.53600001335
31.251 -19.33 2.841 -1.45720917917 0.451714055136 2.58800005913
31.185 -19.302 2.71 -1.3534052332 0.623310882642 2.63700008392
31.111 -19.257 2.651 -1.2764632537 0.681822403667 2.69600009918
31.068 -19.252 2.64 -1.18745605579 0.651167970204 2.7570002079
30.981 -19.069 2.431 -1.24059354776 1.06760479937 2.81300020218
30.938 -19.022 2.443 -1.25065343594 1.05040561056 2.86600017548
30.893 -18.998 2.457 -1.23249436135 1.00606750652 2.91300010681
30.828 -18.973 2.514 -1.19481865393 0.866762160014 2.96700000763
30.745 -18.748 2.165 -0.883423964643 1.30749573908 3.02600002289
30.686 -18.661 2.136 -0.833828298544 1.31472542759 3.08000016212
30.635 -18.606 2.221 -0.897507291796 1.18011415245 3.12900018692
30.581 -18.567 2.251 -0.881694236538 1.08985920575 3.17900013924
30.516 -18.508 2.345 -0.998986593762 1.02160705445 3.23100018501
30.472 -18.371 2.132 -0.900704277954 1.43281058723 3.28000020981
30.403 -18.295 2.156 -0.887129752768 1.33879847019 3.33800005913
30.358 -18.262 2.195 -0.851724380123 1.18250004564 3.38800001144
30.304 -18.238 2.324 -0.926156602479 0.987796649481 3.44500017166
30.218 -18.201 2.358 -0.930722273766 0.927367470863 3.5
30.147 -18.166 2.395 -0.897461056833 0.830377716125 3.5600001812
30.127 -18.138 2.393 -0.872534020592 0.810558938881 3.61200022697
30.012 -18.085 2.405 -0.927408587661 0.841030425543 3.67000007629
29.917 -18.059 2.493 -1.04142631858 0.789386677784 3.72300004959
29.845 -18.03 2.524 -1.0609057483 0.753541138241 3.77700018883
29.779 -18.005 2.54 -1.04854895312 0.719805206178 3.83000016212
29.727 -17.936 2.448 -0.91123608475 0.757596204411 3.89100003242
29.67 -17.914 2.537 -0.91097848512 0.629395327447 3.94400000572
29.61 -17.895 2.55 -0.89651094148 0.602334106541 4.0
29.57 -17.9 2.602 -0.866842963036 0.519131486085 4.0490000248
29.53 -17.874 2.584 -0.872375984892 0.544014528469 4.10700011253
29.462 -17.843 2.574 -0.936913971436 0.597355169782 4.15600013733
29.402 -17.796 2.531 -0.966149722444 0.676112914311 4.21200013161
29.344 -17.757 2.591 -1.02537097116 0.629496711157 4.26400017738
29.287 -17.723 2.536 -1.00460243777 0.695565315579 4.31200003624
29.237 -17.685 2.518 -0.921989725256 0.663230251531 4.37700009346
29.168 -17.676 2.602 -0.93203615502 0.558174127118 4.42800021172
29.097 -17.651 2.667 -0.96409021571 0.495308233221 4.48400020599
29.017 -17.613 2.688 -0.979801060241 0.477646902038 4.54600000381
28.917 -17.578 2.647 -1.00344733027 0.541161103937 4.6210000515
28.834 -17.537 2.664 -1.02806298981 0.532078981577 4.68099999428
28.757 -17.55 2.723 -1.08748607182 0.48380688926 4.74000000954
28.68 -17.526 2.708 -1.09122331286 0.505210779254 4.79400014877
28.595 -17.537 2.754 -1.06987576555 0.436769918276 4.85199999809
28.464 -17.678 2.959 -1.12685966663 0.208073852262 4.91000008583
28.39 -17.646 2.926 -1.14174104779 0.250036961653 4.96400022507
28.337 -17.633 2.93 -1.13819260877 0.244492899027 5.02500009537
28.295 -17.595 2.878 -1.05797149836 0.285517026985 5.09400010109
28.24 -17.61 2.901 -0.974157137199 0.239004523697 5.14100003242
28.172 -17.622 2.939 -0.930054571645 0.191043114222 5.1970000267
28.099 -17.645 2.995 -1.01660026554 0.150102881353 5.24500012398
28.033 -17.677 3.042 -1.06500734089 0.106418985929 5.30000019073
27.965 -17.689 3.106 -1.06832594521 0.0380406204007 5.35700011253
27.911 -17.6 2.874 -0.964746797201 0.264502814903 5.41600012779
27.857 -17.556 2.845 -0.936360939165 0.286158246302 5.47600007057
27.808 -17.522 2.831 -0.898475005245 0.288393490867 5.52500009537
27.757 -17.516 2.8 -0.855577458665 0.304183309844 5.58600020409
27.734 -17.409 2.709 -0.850254091095 0.392615659648 5.64200019836
27.695 -17.395 2.673 -0.782782995179 0.396242151496 5.70100021362
27.669 -17.348 2.642 -0.761667969765 0.415698338418 5.75300002098
27.634 -17.309 2.633 -0.740015015049 0.412567612038 5.80599999428
27.609 -17.252 2.64 -0.772648417744 0.423698965038 5.85500001907
27.559 -17.239 2.637 -0.714577118166 0.394647255359 5.91200017929
27.499 -17.186 2.645 -0.783004245149 0.424299379984 5.97100019455
27.455 -17.153 2.606 -0.775714558843 0.460351213792 6.02800011635
27.397 -17.112 2.587 -0.79603665156 0.493098634294 6.08800005913
27.368 -17.102 2.614 -0.786693361241 0.4583966049 6.14500021935
27.323 -17.031 2.559 -0.84986345143 0.559958286779 6.20100021362
27.235 -17.039 2.7 -0.970158911526 0.458620922099 6.25100016594
27.166 -17.128 2.834 -0.94620407514 0.30058555153 6.31100010872
27.062 -17.142 2.953 -1.01884187606 0.194457007803 6.36400008202
27.021 -17.181 3.045 -0.990895364343 0.0960120003951 6.42200016975
26.947 -17.226 -3.111 -1.00463869067 -0.0307441553039 6.48000001907
26.881 -17.258 -3.109 -0.998159602215 -0.0325441946525 6.53900003433
26.83 -17.21 3.032 -0.977853191376 0.107596636291 6.59500002861
26.748 -17.171 2.939 -1.02567219 0.210683991373 6.65600013733
26.672 -17.125 2.842 -1.0939970679 0.337924733377 6.70700001717
26.598 -17.086 2.762 -1.06435307561 0.424613513748 6.76300001144
26.525 -17.051 2.742 -1.11338133689 0.470195568554 6.8180000782
26.412 -16.979 2.721 -1.25626020555 0.561904561259 6.87900018692
26.355 -16.943 2.688 -1.25311499053 0.610885737333 6.94100022316
26.3 -16.931 2.637 -1.19219380307 0.658425802167 7.00100016594
26.213 -16.891 2.628 -1.26099208996 0.711306678443 7.06300020218
26.156 -16.866 2.681 -1.28053249978 0.635383730527 7.12400007248
26.087 -16.845 2.692 -1.27985184634 0.617596049689 7.1740000248
26.002 -16.788 2.686 -1.30415164417 0.638997109272 7.22600007057
25.949 -16.778 2.674 -1.29392444934 0.653355605986 7.28299999237
25.877 -16.745 2.708 -1.26290336682 0.584694614344 7.34200000763
25.824 -16.73 2.765 -1.23018968517 0.486499613297 7.39900016785
25.727 -16.699 2.833 -1.3073332622 0.416747055598 7.46600008011
25.655 -16.637 2.76 -1.26100394583 0.505991236434 7.52600002289
25.562 -16.614 2.821 -1.33537053413 0.443406143879 7.57800006866
25.458 -16.603 2.922 -1.47370119429 0.328917940311 7.63300013542
25.343 -16.576 2.948 -1.5563391949 0.305117130893 7.69600009918
25.271 -16.582 2.977 -1.51607777761 0.251813318447 7.75200009346
25.196 -16.611 2.972 -1.46046462492 0.250086314367 7.80800008774
25.084 -16.57 2.853 -1.41966750046 0.421471963768 7.875
25.055 -16.542 2.764 -1.27734690581 0.506626446635 7.92300009727
25.003 -16.515 2.788 -1.15799881225 0.427423404353 7.97300004959
24.954 -16.504 2.778 -1.14969646219 0.437471093953 8.02800011635
24.898 -16.466 2.727 -1.1487090404 0.505549593734 8.08900022507
24.843 -16.432 2.733 -1.129488988 0.489022452295 8.14500021935
24.798 -16.424 2.769 -1.07555601222 0.420379838576 8.20399999619
24.733 -16.386 2.709 -1.04513729489 0.482605462006 8.25500011444
24.657 -16.358 2.798 -1.08221435594 0.387199241504 8.31300020218
24.585 -16.294 2.694 -1.10744637692 0.531673296156 8.37400007248
24.521 -16.26 2.706 -1.11344375705 0.518205047997 8.42900013924
24.468 -16.228 2.717 -1.10348852339 0.4988788401 8.48500013351
24.367 -16.179 2.688 -1.17094400202 0.570827893254 8.54700016975
24.305 -16.125 2.659 -1.16554462314 0.610641253588 8.60500001907
24.257 -16.098 2.668 -1.08429293228 0.555693452398 8.66600012779
24.159 -16.008 2.632 -1.07959428517 0.603303239569 8.72500014305
24.154 -16.005 2.628 -1.00023397951 0.564216948939 8.78100013733
24.142 -15.991 2.687 -0.945685331152 0.462186695871 8.83900022507
24.103 -15.963 2.652 -0.871292603943 0.464281353107 8.89700007439
24.038 -15.93 2.618 -0.882207608551 0.509335599127 8.95900011063
24.011 -15.943 2.705 -0.814311094044 0.379977626343 9.0110001564
23.988 -15.938 2.744 -0.786840426314 0.330440269366 9.06700015068
23.928 -15.919 2.799 -0.784599307354 0.279832548078 9.13900017738
23.879 -15.896 2.801 -0.783932078964 0.277828531356 9.19400000572
23.838 -15.86 2.659 -0.746264326911 0.390975836569 9.24700021744
23.8 -15.859 2.72 -0.734400651002 0.329367073243 9.30599999428
23.727 -15.831 2.747 -0.77580690339 0.323072188832 9.3630001545
23.673 -15.852 2.967 -0.781502702081 0.137848141551 9.43099999428
23.581 -15.821 3.064 -0.988432030626 0.0768493530022 9.48200011253
23.439 -15.772 3.038 -1.23736781447 0.128642718708 9.54000020027
23.328 -15.734 2.878 -1.35730082989 0.36629767274 9.59900021553
23.245 -15.678 2.794 -1.39394977807 0.505031865252 9.66100001335
23.153 -15.632 2.689 -1.34674603755 0.65486429956 9.72000002861
23.084 -15.633 2.768 -1.29555552505 0.507860449522 9.78000020981
23.021 -15.572 2.693 -1.26412810905 0.608450778516 9.84000015259
22.958 -15.512 2.599 -1.19713898488 0.721826146392 9.89800000191
22.896 -15.493 2.622 -1.13829823561 0.651130575578 9.95500016212
22.84 -15.465 2.623 -1.13324176776 0.646734981121 10.0140001774
22.772 -15.415 2.6 -1.10753556884 0.66628964709 10.0830001831
22.716 -15.39 2.623 -1.07346864932 0.612622783948 10.1360001564
22.637 -15.385 2.687 -1.05179378658 0.514045294924 10.1940000057
22.597 -15.37 2.678 -0.990065082483 0.494964531318 10.2570002079
22.566 -15.359 2.687 -0.90865253415 0.444087582433 10.3180000782
22.524 -15.359 2.716 -0.860978320288 0.390279226989 10.3760001659
22.529 -15.352 2.729 -0.78806791936 0.344950808849 10.4270000458
22.507 -15.359 2.74 -0.753975351428 0.32019209398 10.4790000916
22.483 -15.334 2.655 -0.641160466165 0.339186276001 10.5430002213
22.451 -15.331 2.677 -0.629257340459 0.31537236717 10.5990002155
22.393 -15.326 2.691 -0.648321634417 0.313649072664 10.6579999924
22.331 -15.316 2.714 -0.717890903138 0.327150451003 10.7150001526
22.254 -15.324 2.768 -0.75230315633 0.294904395653 10.7730000019
22.185 -15.282 2.723 -0.848244617992 0.377371812473 10.8330001831
22.101 -15.257 2.755 -0.992622418111 0.404074151264 10.8900001049
22.027 -15.226 2.752 -1.04004743812 0.427021450596 10.9460000992
21.976 -15.192 2.787 -1.06896297289 0.395774857372 10.9970002174
21.878 -15.123 2.698 -1.18519134816 0.563175539891 11.0570001602
21.788 -15.078 2.723 -1.27008597006 0.565042953828 11.1260001659
21.699 -15.014 2.643 -1.32113125744 0.719324960891 11.1760001183
21.652 -15.011 2.656 -1.25063233194 0.660008879746 11.2350001335
21.574 -14.963 2.688 -1.25507544479 0.611841446548 11.2940001488
21.506 -14.927 2.643 -1.22738880297 0.668284394694 11.3470001221
21.455 -14.886 2.588 -1.19461411753 0.738342331417 11.4000000954
21.398 -14.829 2.581 -1.24652736388 0.782539273589 11.4580001831
21.324 -14.787 2.579 -1.2457379984 0.785521472142 11.5170001984
21.268 -14.747 2.518 -1.18035271719 0.849082813047 11.5640001297
21.213 -14.701 2.532 -1.14797976635 0.801648855634 11.623000145
21.152 -14.64 2.479 -1.12740172015 0.879675043167 11.6780002117
21.095 -14.574 2.493 -1.16185112364 0.880667006589 11.737000227
21.07 -14.518 2.384 -1.04162007568 0.985247461652 11.7890000343
21.03 -14.493 2.38 -0.988361777982 0.94239055017 11.8410000801
20.998 -14.464 2.363 -0.918307357368 0.905892555307 11.8920001984
20.933 -14.404 2.414 -0.951136312702 0.847073920254 11.9560000896
