13.152 -11.19 -2.874 -0.872023576788 -0.239081063955 0.0190000534058
13.133 -11.193 -2.858 -0.863955703701 -0.25179823638 0.0710000991821
13.119 -11.222 -2.844 -0.834399868223 -0.255910860561 0.128000020981
13.096 -11.251 -2.807 -0.765942189184 -0.266290883381 0.184000015259
13.042 -11.289 -2.802 -0.791121845241 -0.279486438856 0.241000175476
12.982 -11.315 -2.88 -0.878645122764 -0.235237574258 0.297000169754
12.923 -11.328 -2.89 -0.892849823739 -0.229497321071 0.357000112534
12.851 -11.324 -2.959 -0.874163444843 -0.161413670984 0.412000179291
12.768 -11.319 -3.062 -0.910899095872 -0.0726543625928 0.47000002861
12.909 -11.421 -2.651 -0.640169057992 -0.341946080004 0.529000043869
12.894 -11.432 -2.739 -0.550020498213 -0.234227703387 0.589000225067
12.865 -11.445 -2.781 -0.579900986519 -0.218668845324 0.644000053406
12.871 -11.465 -2.784 -0.591309119224 -0.22094674273 0.705000162125
12.868 -11.464 -2.891 -0.544399781464 -0.13935181465 0.764000177383
12.849 -11.483 -2.884 -0.506707307004 -0.133489748838 0.819000005722
12.824 -11.493 -2.834 -0.473283596489 -0.150350452528 0.881000041962
12.644 -11.333 2.812 -0.869413983382 0.297400261649 0.936000108719
12.6 -11.358 2.908 -0.807228496671 0.192068867487 0.992000102997
12.561 -11.354 3.022 -0.854662500611 0.102701449697 1.04400014877
12.535 -11.398 -3.094 -0.852097062619 -0.0405842068511 1.09400010109
12.479 -11.392 -3.141 -0.828621854478 -0.000491085774134 1.15799999237
12.432 -11.389 3.104 -0.798089734504 0.0300164520812 1.21800017357
12.402 -11.426 -3.09 -0.74929565448 -0.0386924878108 1.26900005341
12.348 -11.502 -3.088 -0.809674843932 -0.0434342149152 1.32700014114
12.305 -11.517 -2.948 -0.904428113394 -0.17731129047 1.375
12.275 -11.491 -2.934 -0.861212006812 -0.181394517522 1.43200016022
12.223 -11.495 -2.999 -0.834374013793 -0.119788581043 1.49300003052
12.176 -11.504 -3.076 -0.809083375778 -0.0531461660842 1.55400013924
12.126 -11.504 3.126 -0.75913370624 0.0118378683089 1.60900020599
12.085 -11.506 3.102 -0.751111901904 0.0297540622375 1.66100001335
12.042 -11.507 3.106 -0.722411169742 0.0257233938805 1.71400022507
11.999 -11.472 3.123 -0.846426679673 0.0157391316893 1.75900006294
11.945 -11.454 -3.14 -0.919113834312 -0.00146383118534 1.81300020218
11.895 -11.408 3.091 -0.9754582676 0.0493931719446 1.86100006104
11.832 -11.434 3.132 -1.01408934047 0.00972810614423 1.92000007629
11.765 -11.439 3.116 -0.959213779447 0.0245541870759 1.98000001907
11.768 -11.448 3.109 -0.860491755567 0.0280556447364 2.03600001335
11.76 -11.436 3.068 -0.804225281438 0.0592921509109 2.09500002861
11.752 -11.398 2.991 -0.720193785837 0.109283258943 2.14900016785
11.738 -11.438 3.052 -0.726791292351 0.0652899447648 2.20200014114
11.705 -11.428 3.041 -0.728277722314 0.0735074939409 2.25800013542
11.663 -11.417 2.92 -0.704501235789 0.158718713621 2.31600022316
11.622 -11.41 2.986 -0.694614359277 0.108957567657 2.37400007248
11.594 -11.401 2.841 -0.631241189836 0.195675762757 2.42500019073
11.556 -11.392 2.865 -0.665304661395 0.188859256611 2.47699999809
11.515 -11.374 2.802 -0.646179785131 0.228281506943 2.53600001335
11.463 -11.361 2.789 -0.627137744864 0.230767498733 2.58800005913
11.418 -11.351 2.813 -0.615165604397 0.209742658723 2.63700008392
11.388 -11.358 2.985 -0.588157399887 0.0928613978341 2.69600009918
