13.569 -15.975 -1.197 0.284437891024 -0.72516832115 0.0190000534058
13.528 -15.797 -1.168 0.176790926146 -0.414911292288 0.0710000991821
13.552 -15.823 -1.054 0.290111255217 -0.510475542326 0.128000020981
13.576 -15.856 -1.14 0.262176687042 -0.570463733332 0.184000015259
13.603 -15.87 -1.073 0.325125649092 -0.598268277053 0.241000175476
13.623 -15.887 -1.044 0.402456116081 -0.691955278843 0.297000169754
13.664 -15.947 -1.071 0.400033045413 -0.732610186608 0.357000112534
13.712 -15.958 -0.952 0.476644033738 -0.66935604157 0.412000179291
13.75 -15.986 -0.928 0.513226335127 -0.685307482854 0.47000002861
13.818 -16.027 -0.905 0.595637293158 -0.758353709047 0.529000043869
13.829 -16.049 -0.876 0.590643258683 -0.708688255492 0.589000225067
13.85 -16.063 -0.85 0.584304858496 -0.665133334924 0.644000053406
13.729 -15.845 0.279 0.252605183893 0.072364299391 0.705000162125
13.723 -15.819 0.011 0.233225889122 0.00256558825991 0.764000177383
13.739 -15.817 -0.357 0.237264641934 -0.0884953617372 0.819000005722
13.775 -15.835 -0.388 0.332161928353 -0.135760858049 0.881000041962
13.688 -15.784 -2.898 -0.174905318447 -0.0434688469483 0.936000108719
13.695 -15.787 -2.144 -0.0415129204766 -0.0643114884722 0.992000102997
13.699 -15.8 -1.8 -0.0381744959503 -0.16362587894 1.04400014877
13.705 -15.805 -1.416 0.039798344502 -0.255044515597 1.09400010109
13.74 -15.853 -1.121 0.178881541418 -0.370505591488 1.15799999237
13.763 -15.884 -0.979 0.263704254332 -0.392323395449 1.21800017357
13.792 -15.918 -0.948 0.316717405332 -0.441025224051 1.26900005341
13.684 -15.866 -1.697 -0.0683320993539 -0.538565386826 1.32700014114
13.674 -15.902 -1.858 -0.161186042917 -0.545708958901 1.375
13.665 -15.933 -1.795 -0.136742088168 -0.599647423912 1.43200016022
13.655 -15.964 -1.699 -0.0782948599287 -0.607357270145 1.49300003052
13.649 -15.994 -1.7 -0.079650764462 -0.613040244168 1.55400013924
13.641 -15.972 -1.708 -0.0790160265288 -0.572284835853 1.60900020599
13.636 -16.018 -1.695 -0.0820438021827 -0.657158369134 1.66100001335
13.619 -16.013 -1.785 -0.10754245708 -0.494354762103 1.71400022507
13.629 -16.042 -1.68 -0.0577495733166 -0.526720629851 1.75900006294
13.654 -16.078 -1.608 -0.0221058983354 -0.593911742255 1.81300020218
13.671 -16.092 -1.68 -0.0691829375471 -0.631001726021 1.86100006104
13.677 -16.123 -1.72 -0.0934002079945 -0.621339217776 1.92000007629
13.631 -16.099 -1.8 -0.116356554351 -0.498734639506 1.98000001907
13.618 -16.067 -1.692 -0.0571167735371 -0.468936374986 2.03600001335
13.612 -16.087 -1.862 -0.127987581287 -0.427017958442 2.09500002861
13.605 -16.112 -1.824 -0.110148825758 -0.425683971744 2.14900016785
13.617 -16.164 -1.619 -0.0319426607795 -0.662146974101 2.20200014114
13.639 -16.195 -1.497 0.0562525554213 -0.760883441539 2.25800013542
13.646 -16.205 -1.425 0.110918935141 -0.755381859824 2.31600022316
13.639 -16.117 -1.231 0.202123463076 -0.571765318355 2.37400007248
13.637 -16.1 -1.213 0.177431235463 -0.474555855051 2.42500019073
13.651 -16.13 -1.261 0.178112302859 -0.556421939113 2.47699999809
13.673 -16.152 -1.214 0.223656287593 -0.600017387028 2.53600001335
13.694 -16.183 -1.22 0.215778600569 -0.589669876826 2.58800005913
13.722 -16.107 -0.922 0.396062826233 -0.522298893233 2.63700008392
13.709 -16.045 -0.808 0.310423905777 -0.324783198146 2.69600009918
13.736 -16.071 -0.775 0.343786545798 -0.336710372618 2.7570002079
13.77 -16.087 -0.764 0.375741592617 -0.359995761188 2.81300020218
13.787 -16.108 -0.833 0.378583209664 -0.416457204544 2.86600017548
13.809 -16.129 -0.884 0.32717529132 -0.399011609798 2.91300010681
13.833 -16.147 -0.862 0.331078985163 -0.386125908231 2.96700000763
13.855 -16.16 -0.839 0.366983367843 -0.408595690338 3.02600002289
13.864 -16.16 -0.891 0.327621115016 -0.405308866871 3.08000016212
13.807 -16.051 -1.057 0.151470869926 -0.268397159607 3.12900018692
13.782 -16.051 -1.324 0.0728686583395 -0.289239221685 3.17900013924
13.89 -16.033 -0.82 0.346287980386 -0.371121580565 3.23100018501
13.917 -16.038 -0.812 0.360085355968 -0.379771552471 3.28000020981
13.916 -16.055 -0.893 0.326296265713 -0.405325332687 3.33800005913
13.941 -16.084 -0.973 0.320019090581 -0.469989712731 3.38800001144
13.935 -16.088 -1.086 0.260464539614 -0.494500542985 3.44500017166
13.914 -16.094 -1.193 0.224731507912 -0.566274394614 3.5
13.837 -16.065 -1.383 0.0940829735871 -0.495080726308 3.5600001812
13.841 -16.019 -1.134 0.17601373502 -0.37700584874 3.61200022697
13.853 -16.043 -1.022 0.214992541671 -0.351610819212 3.67000007629
13.862 -16.052 -1.042 0.181229536779 -0.310164549713 3.72300004959
13.887 -16.06 -0.936 0.284416998414 -0.386180787692 3.77700018883
13.927 -16.079 -0.866 0.378771265813 -0.445340401135 3.83000016212
13.966 -16.104 -0.768 0.449310964759 -0.433942427227 3.89100003242
13.994 -16.117 -0.707 0.471250196629 -0.402601152851 3.94400000572
13.99 -16.124 -0.762 0.441782462801 -0.421577732556 4.0
13.968 -16.122 -0.813 0.361098607087 -0.381603764211 4.0490000248
13.616 -16.026 2.982 -1.10394954631 0.17769341146 4.10700011253
13.579 -16.017 2.969 -1.00784938064 0.175695424917 4.15600013733
13.6 -15.995 2.627 -0.695442306262 0.393205792807 4.21200013161
13.482 -15.886 2.251 -0.690394271133 0.853393978106 4.26400017738
13.508 -15.824 1.947 -0.413937954652 1.04789800676 4.31200003624
13.429 -15.678 1.886 -0.440795944474 1.35182480178 4.37700009346
13.409 -15.613 1.851 -0.384249895777 1.33524486816 4.42800021172
13.392 -15.568 1.859 -0.367440329607 1.23943660354 4.48400020599
13.37 -15.538 1.865 -0.328820071299 1.08522702478 4.54600000381
13.344 -15.561 1.925 -0.313356181075 0.847367460541 4.6210000515
13.329 -15.582 1.918 -0.28132850395 0.777445235902 4.68099999428
13.318 -15.557 1.957 -0.28525818018 0.701528091304 4.74000000954
13.287 -15.54 2.012 -0.301232511738 0.637864175925 4.79400014877
13.249 -15.516 2.028 -0.339706732271 0.690501764466 4.85199999809
13.162 -15.488 2.189 -0.471569526306 0.663061182441 4.91000008583
13.158 -15.47 2.181 -0.441593479612 0.631549686797 4.96400022507
13.146 -15.445 2.185 -0.440305014599 0.62437390578 5.02500009537
13.142 -15.422 2.063 -0.341923131596 0.637652060893 5.09400010109
13.141 -15.41 2.119 -0.36446191361 0.596855891948 5.14100003242
13.154 -15.399 2.268 -0.387811590952 0.463047878668 5.1970000267
13.166 -15.393 2.363 -0.441734134174 0.435762231853 5.24500012398
13.133 -15.366 2.271 -0.428138475042 0.508093845332 5.30000019073
13.118 -15.349 2.254 -0.392585373758 0.482307127337 5.35700011253
13.141 -15.326 2.251 -0.407588169204 0.503818330612 5.41600012779
13.139 -15.317 2.283 -0.39025064618 0.452009799722 5.47600007057
13.14 -15.352 2.293 -0.301783840556 0.342556917052 5.52500009537
13.112 -15.348 2.155 -0.26817300894 0.40558950945 5.58600020409
13.082 -15.331 2.15 -0.278163334093 0.425306107192 5.64200019836
13.031 -15.357 2.354 -0.324722458508 0.326150795774 5.70100021362
13.023 -15.38 2.282 -0.266858279139 0.30971554987 5.75300002098
13.016 -15.376 2.339 -0.336007351328 0.347765638092 5.80599999428
13.021 -15.336 2.122 -0.290874919707 0.473150016767 5.85500001907
13.021 -15.323 2.108 -0.272352312742 0.45724708322 5.91200017929
12.974 -15.34 2.345 -0.316283588876 0.323445327116 5.97100019455
12.945 -15.354 2.561 -0.381573954508 0.250318552748 6.02800011635
12.926 -15.374 2.737 -0.397048917788 0.170023254657 6.08800005913
12.918 -15.39 2.551 -0.333091544553 0.223309344514 6.14500021935
12.904 -15.375 2.544 -0.349596689667 0.237938486945 6.20100021362
12.897 -15.382 2.623 -0.372224931497 0.212426766197 6.25100016594
12.918 -15.303 2.279 -0.259692523246 0.30323386027 6.31100010872
12.918 -15.254 2.045 -0.228247486052 0.444696646058 6.36400008202
12.964 -15.234 1.935 -0.187933211043 0.492991640691 6.42200016975
12.976 -15.192 1.857 -0.154535248534 0.525124522225 6.48000001907
12.992 -15.17 1.791 -0.110069556904 0.491747931057 6.53900003433
13.085 -15.159 1.581 -0.00414230312725 0.405947866463 6.59500002861
13.079 -15.154 1.57 0.000329920545237 0.414302868638 6.65600013733
13.078 -15.176 1.555 0.00673957005739 0.426618768668 6.70700001717
13.083 -15.152 1.678 -0.0487054800732 0.452584793619 6.76300001144
13.096 -15.118 1.646 -0.0391741701032 0.51992528463 6.8180000782
13.13 -15.157 -1.994 -0.0615253305993 -0.136595274584 6.87900018692
13.121 -15.157 1.234 0.0299252678614 0.0854674579499 6.94100022316
13.118 -15.166 1.298 0.0249619946919 0.0892229568105 7.00100016594
13.101 -15.206 2.937 -0.117943748661 0.0244728438826 7.06300020218
13.051 -15.27 -2.056 -0.210670032913 -0.399569198334 7.12400007248
13.015 -15.321 -2.012 -0.208725396762 -0.441979029528 7.1740000248
12.998 -15.369 -1.892 -0.193378647888 -0.58119523314 7.22600007057
13.001 -15.394 -1.907 -0.221263459399 -0.633137847158 7.28299999237
12.992 -15.442 -1.865 -0.214148918051 -0.706770095504 7.34200000763
12.988 -15.488 -1.855 -0.202511154392 -0.69326751687 7.39900016785
12.989 -15.524 -1.842 -0.198200723968 -0.71281266406 7.46600008011
12.995 -15.56 -1.772 -0.135047671668 -0.662116936332 7.52600002289
12.992 -15.578 -1.717 -0.0937556959752 -0.636692051809 7.57800006866
13.018 -15.565 -1.661 -0.0503575723578 -0.556750239726 7.63300013542
13.042 -15.572 -1.655 -0.0444691728097 -0.526865659149 7.69600009918
13.061 -15.598 -1.608 -0.0220206843809 -0.591622327573 7.75200009346
13.08 -15.629 -1.521 0.0318580227723 -0.639237629795 7.80800008774
13.113 -15.638 -1.383 0.124670240868 -0.656036167274 7.875
13.146 -15.638 -1.225 0.232987055911 -0.646697703372 7.92300009727
13.161 -15.662 -1.195 0.259615003511 -0.658008507799 7.97300004959
13.174 -15.703 -1.223 0.238121785367 -0.656827537193 8.02800011635
13.234 -15.737 -1.028 0.416700643271 -0.690774222468 8.08900022507
13.256 -15.757 -1.042 0.363438801755 -0.622005851245 8.14500021935
13.268 -15.777 -1.134 0.302938052846 -0.648866508719 8.20399999619
13.301 -15.814 -1.144 0.328438992708 -0.722242067084 8.25500011444
13.22 -15.776 -1.22 0.210452435147 -0.575114775903 8.31300020218
13.231 -15.808 -1.398 0.10723410543 -0.614392048315 8.37400007248
13.24 -15.84 -1.409 0.0959722548922 -0.587982039232 8.42900013924
13.296 -15.879 -1.388 0.118857773908 -0.642961266801 8.48500013351
13.282 -15.877 -1.36 0.127115000393 -0.594064480355 8.54700016975
13.223 -15.802 -1.368 0.0874172048767 -0.425133552046 8.60500001907
13.274 -15.821 -1.176 0.173646400804 -0.416745249658 8.66600012779
13.358 -15.861 -1.097 0.265161341678 -0.517134675194 8.72500014305
13.447 -15.896 -0.834 0.469776623005 -0.517813127612 8.78100013733
13.464 -15.913 -0.816 0.497229628656 -0.528632703436 8.83900022507
13.433 -15.873 -0.874 0.415049367659 -0.49598014298 8.89700007439
13.574 -15.937 -0.737 0.523437706506 -0.475073814614 8.95900011063
13.65 -15.968 -0.69 0.665073203589 -0.548908927569 9.0110001564
13.639 -15.966 -0.756 0.557060857752 -0.525234201478 9.06700015068
13.645 -15.987 -0.811 0.481078194055 -0.506364053958 9.13900017738
13.147 -15.717 -0.686 0.411801164409 -0.337114219652 9.19400000572
13.172 -15.739 -0.766 0.378570966371 -0.364161512959 9.24700021744
13.198 -15.763 -0.888 0.350043558061 -0.430400752886 9.30599999428
13.206 -15.769 -0.955 0.306281664727 -0.432856891381 9.3630001545
13.221 -15.802 -1.031 0.271071407049 -0.452424501256 9.43099999428
13.259 -15.838 -0.987 0.329948912913 -0.499462569272 9.48200011253
13.31 -15.876 -0.971 0.321893763361 -0.470716506642 9.54000020027
13.351 -15.921 -0.972 0.30468590356 -0.446510485624 9.59900021553
13.386 -15.983 -0.984 0.318128314767 -0.478441923602 9.66100001335
13.439 -16.036 -0.956 0.348181738224 -0.493117850287 9.72000002861
13.467 -16.049 -0.917 0.360533737305 -0.470540428572 9.78000020981
13.508 -16.058 -0.89 0.374851367722 -0.462791295814 9.84000015259
13.532 -16.058 -0.857 0.368567900393 -0.425523683594 9.89800000191
13.553 -16.046 -0.914 0.358197808392 -0.464598083578 9.95500016212
13.604 -16.069 -0.86 0.359241204096 -0.417278724926 10.0140001774
13.618 -16.063 -0.872 0.35721809931 -0.425141794433 10.0830001831
13.659 -16.062 -0.815 0.396466224838 -0.42066178227 10.1360001564
13.707 -16.082 -0.715 0.470997715231 -0.408948575456 10.1940000057
13.741 -16.087 -0.733 0.471034803942 -0.42408898901 10.2570002079
13.765 -16.112 -0.706 0.457715522231 -0.390247018866 10.3180000782
13.794 -16.133 -0.65 0.472221783707 -0.358985077341 10.3760001659
13.355 -15.95 -1.976 -0.158781819882 -0.370172003528 10.4270000458
13.354 -15.956 -1.835 -0.0958067616542 -0.354147612311 10.4790000916
13.343 -15.976 -1.679 -0.0476582384501 -0.438729083157 10.5430002213
13.345 -15.992 -1.654 -0.0355682695079 -0.426497440424 10.5990002155
13.357 -16.022 -1.501 0.0358662064258 -0.513034826893 10.6579999924
13.37 -16.05 -1.398 0.0893200882884 -0.511754649133 10.7150001526
13.386 -16.08 -1.416 0.0880213305243 -0.564077674251 10.7730000019
13.417 -16.052 -1.323 0.103942453171 -0.410846416693 10.8330001831
13.449 -16.054 -1.306 0.113496684565 -0.418553824679 10.8900001049
13.431 -15.987 -1.69 -0.0585247529764 -0.488636680909 10.9460000992
13.42 -16.001 -1.832 -0.132518469399 -0.495746766684 10.9970002174
13.405 -16.034 -1.846 -0.134977441463 -0.478018738541 11.0570001602
13.563 -16.08 -1.102 0.25475690674 -0.503022245525 11.1260001659
13.621 -16.13 -0.935 0.44644694459 -0.604916897302 11.1760001183
13.669 -16.188 -0.936 0.513953559645 -0.697845036014 11.2350001335
13.699 -16.226 -0.885 0.555525983732 -0.678883644115 11.2940001488
13.725 -16.26 -0.967 0.511401568935 -0.741457719213 11.3470001221
13.649 -16.224 -1.097 0.318113033139 -0.620404464036 11.4000000954
13.575 -16.169 -1.283 0.149918261942 -0.506455892233 11.4580001831
13.649 -16.206 -1.346 0.127090000839 -0.555800857325 11.5170001984
13.692 -16.24 -1.25 0.205768022094 -0.619273199145 11.5640001297
13.764 -16.292 -1.116 0.335770201927 -0.6866685907 11.623000145
13.793 -16.326 -1.067 0.363579647778 -0.659564386918 11.6780002117
13.815 -16.355 -1.025 0.377579033712 -0.621696878855 11.737000227
13.785 -16.362 -1.032 0.308081539276 -0.515363510875 11.7890000343
13.763 -16.35 -0.781 0.43171813473 -0.427937205698 11.8410000801
13.829 -16.367 -0.803 0.466680271805 -0.48340524921 11.8920001984
13.743 -16.192 0.902 0.205938293718 0.260583463936 11.9560000896
