14.889 -12.574 -2.483 -0.557006603777 -0.431040855893 0.0190000534058
14.866 -12.597 -2.465 -0.510294933462 -0.409787914624 0.0710000991821
14.822 -12.615 -2.422 -0.475685468299 -0.416865752076 0.128000020981
14.801 -12.615 -2.53 -0.542779283856 -0.38064685158 0.184000015259
14.808 -12.614 -2.57 -0.467207227445 -0.300516019114 0.241000175476
14.817 -12.603 -2.601 -0.510500810337 -0.306420715772 0.297000169754
14.818 -12.579 -2.64 -0.516557093314 -0.2832655847 0.357000112534
14.807 -12.522 -2.925 -0.57499895534 -0.126525299381 0.412000179291
14.817 -12.414 2.875 -0.59474090469 0.162419723828 0.47000002861
14.804 -12.328 2.585 -0.56213299138 0.349766442396 0.529000043869
14.785 -12.247 2.446 -0.617619866258 0.515577984363 0.589000225067
14.757 -12.185 2.312 -0.575674891588 0.628947240105 0.644000053406
14.701 -12.1 2.375 -0.712863204593 0.686543544549 0.705000162125
14.665 -12.042 2.384 -0.752651192557 0.711917612081 0.764000177383
14.642 -11.996 2.332 -0.708465429376 0.743604374745 0.819000005722
14.644 -12.008 2.388 -0.597684865433 0.560825425295 0.881000041962
14.606 -11.969 2.428 -0.641545404429 0.555446746142 0.936000108719
14.592 -11.956 2.382 -0.569825613443 0.541149956911 0.992000102997
14.574 -11.941 2.395 -0.518969512049 0.48017762428 1.04400014877
14.574 -11.942 2.384 -0.491161157265 0.464579451524 1.09400010109
14.623 -11.966 2.34 -0.423930545086 0.43788848515 1.15799999237
14.633 -11.944 2.339 -0.361027312588 0.373661151266 1.21800017357
14.649 -11.939 2.393 -0.372812781337 0.34633232093 1.26900005341
14.651 -11.921 2.392 -0.377270890585 0.351177280527 1.32700014114
14.662 -11.909 2.268 -0.341590435518 0.407859719075 1.375
14.661 -11.89 2.235 -0.327244795602 0.418010453114 1.43200016022
14.653 -11.868 2.247 -0.3619413209 0.451072480261 1.49300003052
14.683 -11.844 1.988 -0.222328595756 0.501618216645 1.55400013924
14.667 -11.829 1.927 -0.185456294084 0.498438163335 1.60900020599
14.677 -11.826 1.841 -0.127204674497 0.459260085776 1.66100001335
14.663 -11.821 1.816 -0.116062586754 0.463806786949 1.71400022507
14.658 -11.8 1.804 -0.12033636172 0.506625621035 1.75900006294
14.64 -11.773 2.02 -0.25639021126 0.531849018518 1.81300020218
14.635 -11.739 2.065 -0.300338646715 0.557421451996 1.86100006104
14.619 -11.709 2.095 -0.323784318986 0.560028285589 1.92000007629
14.632 -11.762 2.355 -0.309288218285 0.310027985768 1.98000001907
14.618 -11.746 2.363 -0.329371700559 0.324918851049 2.03600001335
14.623 -11.786 2.534 -0.256791084365 0.178557515529 2.09500002861
14.617 -11.763 2.486 -0.309120095653 0.237734027199 2.14900016785
14.605 -11.746 2.392 -0.315571240823 0.293745032893 2.20200014114
14.586 -11.732 2.424 -0.341359917464 0.297944968665 2.25800013542
14.571 -11.704 2.429 -0.398334202548 0.344179402117 2.31600022316
14.562 -11.694 2.44 -0.45308601209 0.382864295792 2.37400007248
14.527 -11.679 2.47 -0.461663227027 0.366952905746 2.42500019073
14.494 -11.695 2.625 -0.477177715624 0.271059014595 2.47699999809
14.455 -11.7 2.91 -0.564512281311 0.133125520688 2.53600001335
14.417 -11.782 -3.0 -0.534075212111 -0.0761305752281 2.58800005913
14.391 -11.853 -2.796 -0.557523862536 -0.200731938625 2.63700008392
14.345 -11.893 -2.712 -0.607578881222 -0.278348952771 2.69600009918
14.313 -11.899 -2.889 -0.61274306001 -0.158152323364 2.7570002079
14.352 -12.007 -2.335 -0.417875354862 -0.435974987814 2.81300020218
14.33 -12.006 -2.48 -0.428867387827 -0.333941899082 2.86600017548
14.319 -12.011 -2.561 -0.476786628354 -0.312779573578 2.91300010681
14.291 -12.026 -2.538 -0.496725924822 -0.342454772438 2.96700000763
14.38 -12.102 -1.675 -0.049733721134 -0.475545434531 3.02600002289
14.36 -12.114 -1.979 -0.153789531573 -0.35558502762 3.08000016212
14.353 -12.133 -2.207 -0.251931029336 -0.341065115398 3.12900018692
14.294 -12.158 -2.454 -0.416295281663 -0.341902041331 3.17900013924
14.277 -12.227 -2.413 -0.439406354336 -0.392120191973 3.23100018501
14.267 -12.25 -2.426 -0.470854133985 -0.409313586598 3.28000020981
14.295 -12.205 -2.518 -0.474966913076 -0.341665873924 3.33800005913
14.325 -12.159 -2.567 -0.457841448175 -0.296437334411 3.38800001144
14.311 -12.172 -2.548 -0.537828098595 -0.362911057769 3.44500017166
14.345 -12.114 -2.544 -0.436933446799 -0.297380628307 3.5
14.491 -12.05 -2.943 -0.314038880842 -0.0631988413211 3.5600001812
14.48 -12.046 -2.977 -0.366985311678 -0.0609545173207 3.61200022697
14.474 -12.048 2.966 -0.414182725358 0.0734842419568 3.67000007629
14.471 -12.025 2.831 -0.419845979825 0.134762622267 3.72300004959
14.458 -12.002 2.835 -0.514091019828 0.162748165891 3.77700018883
14.431 -11.992 2.888 -0.543192278757 0.140780416321 3.83000016212
14.446 -11.992 2.907 -0.478687079663 0.114402884527 3.89100003242
14.444 -11.978 2.89 -0.520825916167 0.133872628214 3.94400000572
14.413 -11.945 2.866 -0.541041647988 0.153000386352 4.0
14.387 -11.935 2.923 -0.518680405532 0.115220787593 4.0490000248
14.366 -11.933 2.934 -0.496324072526 0.104539259739 4.10700011253
14.461 -11.988 -2.801 -0.392801144858 -0.139210230222 4.15600013733
14.471 -11.997 -2.603 -0.31152561319 -0.186142225537 4.21200013161
14.475 -12.036 -2.492 -0.390605563411 -0.296689081164 4.26400017738
14.471 -12.064 -2.423 -0.440496321335 -0.385249723304 4.31200003624
14.448 -12.083 -2.423 -0.416788996541 -0.364515746935 4.37700009346
14.444 -12.107 -2.414 -0.433626884444 -0.386184419654 4.42800021172
14.489 -12.134 -2.129 -0.302874770656 -0.485026498168 4.48400020599
14.456 -12.176 -2.161 -0.323397503155 -0.482790447471 4.54600000381
14.437 -12.206 -2.131 -0.310829990744 -0.495557219338 4.6210000515
14.451 -12.163 -1.98 -0.192945391661 -0.444897774845 4.68099999428
14.451 -12.183 -2.066 -0.235112477521 -0.435320161984 4.74000000954
14.444 -12.203 -2.011 -0.221364885828 -0.46995984142 4.79400014877
14.443 -12.223 -2.002 -0.226209545779 -0.491675790016 4.85199999809
14.413 -12.218 -2.092 -0.257527468809 -0.448528161449 4.91000008583
14.392 -12.208 -2.142 -0.285547620333 -0.444315876875 4.96400022507
14.379 -12.166 -2.275 -0.327467996162 -0.385483255006 5.02500009537
14.367 -12.189 -2.248 -0.345359530215 -0.429526620118 5.09400010109
14.355 -12.191 -2.252 -0.329169798467 -0.406054560208 5.14100003242
14.322 -12.202 -2.322 -0.35488325152 -0.380022787885 5.1970000267
14.32 -12.215 -2.264 -0.332185970735 -0.399869308209 5.24500012398
14.316 -12.28 -2.153 -0.322693749261 -0.490175713463 5.30000019073
14.308 -12.349 -2.151 -0.372718942662 -0.568637563998 5.35700011253
14.389 -12.276 -1.975 -0.172770073762 -0.403897554358 5.41600012779
14.391 -12.285 -1.87 -0.1294382642 -0.419622031339 5.47600007057
14.388 -12.317 -1.829 -0.126728851498 -0.47985356499 5.52500009537
14.391 -12.336 -1.715 -0.0698864742787 -0.481273306712 5.58600020409
14.389 -12.357 -1.717 -0.0764008735747 -0.518835985913 5.64200019836
14.379 -12.382 -1.668 -0.0497998060117 -0.51070973042 5.70100021362
14.481 -12.382 -1.078 0.237442176059 -0.442176213803 5.75300002098
14.522 -12.402 -1.122 0.213985087686 -0.444347595461 5.80599999428
14.522 -12.36 -1.042 0.166557829548 -0.285054716362 5.85500001907
14.64 -12.379 -0.322 0.691589514321 -0.230721536232 5.91200017929
14.652 -12.399 -0.591 0.535725496362 -0.359474444521 5.97100019455
14.762 -12.437 -0.475 0.68901955425 -0.354343542182 6.02800011635
14.801 -12.464 -0.626 0.639482753874 -0.462349918553 6.08800005913
14.825 -12.479 -0.667 0.577078049348 -0.454381294726 6.14500021935
14.843 -12.513 -0.761 0.519350066985 -0.494606479581 6.20100021362
14.895 -12.52 -0.796 0.519960710075 -0.531104347589 6.25100016594
14.95 -12.546 -0.716 0.601865138715 -0.523632066521 6.31100010872
14.983 -12.562 -0.796 0.558900206163 -0.570878382943 6.36400008202
15.044 -12.605 -0.796 0.628320690791 -0.641786665979 6.42200016975
15.08 -12.643 -0.857 0.583339640656 -0.673484675181 6.48000001907
15.058 -12.777 -0.986 0.530313826995 -0.801023547183 6.53900003433
15.07 -12.875 -1.005 0.560408392659 -0.882458218498 6.59500002861
15.093 -12.923 -1.062 0.548347952426 -0.983090908366 6.65600013733
15.105 -13.008 -1.138 0.504329066469 -1.09159804581 6.70700001717
15.122 -13.066 -1.135 0.488200801746 -1.04841674457 6.76300001144
15.087 -13.171 -1.285 0.351933404302 -1.19770223394 6.8180000782
15.109 -13.04 -1.417 0.143135610634 -0.923333387251 6.87900018692
15.053 -13.017 -1.45 0.101503820738 -0.836197890019 6.94100022316
15.025 -13.028 -1.444 0.106357539067 -0.834306078875 7.00100016594
15.022 -13.076 -1.516 0.0450460033822 -0.82123951333 7.06300020218
15.031 -13.13 -1.546 0.0193763188379 -0.781258756923 7.12400007248
15.082 -13.074 -1.318 0.201456021211 -0.779861849921 7.1740000248
15.094 -13.101 -1.281 0.221727754009 -0.743576303995 7.22600007057
15.153 -12.961 -1.264 0.241826560994 -0.763344517996 7.28299999237
15.171 -13.009 -1.254 0.248887044682 -0.759177696818 7.34200000763
15.186 -13.052 -1.219 0.269640263842 -0.734583486187 7.39900016785
15.205 -13.075 -1.167 0.282994602051 -0.662323695191 7.46600008011
15.194 -13.076 -1.125 0.303562065475 -0.635225258809 7.52600002289
15.19 -13.086 -1.099 0.304479543493 -0.59675216889 7.57800006866
15.193 -13.127 -1.172 0.240906765955 -0.571715706727 7.63300013542
15.21 -13.167 -1.224 0.207692471298 -0.574685174215 7.69600009918
15.196 -13.165 -1.285 0.144243759818 -0.490891376761 7.75200009346
15.197 -13.163 -1.287 0.146649714992 -0.502794874793 7.80800008774
15.21 -13.182 -1.284 0.142158100094 -0.482010903348 7.875
15.224 -13.182 -1.321 0.133717764869 -0.524126508186 7.92300009727
15.221 -13.204 -1.282 0.166083154934 -0.559009813194 7.97300004959
15.219 -13.236 -1.305 0.162103408213 -0.595448020575 8.02800011635
15.155 -13.217 -1.845 -0.128475302734 -0.456737599674 8.08900022507
15.123 -13.208 -1.815 -0.108616734061 -0.435902393252 8.14500021935
15.109 -13.218 -1.696 -0.0570348627819 -0.453153841282 8.20399999619
15.107 -13.241 -1.622 -0.0254841937434 -0.49726741525 8.25500011444
15.101 -13.274 -1.7 -0.0635676216171 -0.489254692539 8.31300020218
15.098 -13.297 -1.622 -0.0239177900048 -0.466702526827 8.37400007248
15.041 -13.244 -1.906 -0.144035141038 -0.41347883773 8.42900013924
15.044 -13.223 -1.942 -0.158495199429 -0.407182493634 8.48500013351
15.035 -13.244 -2.017 -0.176604210217 -0.369170277213 8.54700016975
14.98 -13.264 -2.135 -0.270511550246 -0.427469275583 8.60500001907
14.979 -13.289 -2.128 -0.235645217415 -0.378205768874 8.66600012779
14.965 -13.31 -2.233 -0.250868112022 -0.32177347077 8.72500014305
15.203 -13.136 -0.043 0.431196051899 -0.0185528663914 8.78100013733
15.07 -13.193 -0.732 0.16154327253 -0.145150789613 8.83900022507
15.074 -13.192 -0.449 0.155381358757 -0.0748662065271 8.89700007439
15.087 -13.193 -0.106 0.111753217643 -0.0118904080059 8.95900011063
15.111 -13.203 -0.899 0.183450954499 -0.230703054367 9.0110001564
15.278 -13.136 -0.428 0.401840345917 -0.183320599373 9.06700015068
15.293 -13.154 -0.566 0.348508541543 -0.221421274209 9.13900017738
15.311 -13.169 -0.451 0.353202386339 -0.171052031991 9.19400000572
15.136 -13.228 -1.581 -0.00300651115716 -0.294639661138 9.24700021744
15.134 -13.247 -1.447 0.0357190407229 -0.287055228991 9.30599999428
15.134 -13.262 -1.522 0.0157666172048 -0.32285424715 9.3630001545
15.135 -13.283 -1.496 0.0262227613473 -0.349934859429 9.43099999428
15.137 -13.302 -1.511 0.0205726204703 -0.343634733092 9.48200011253
15.141 -13.317 -1.437 0.0464923610439 -0.345410098274 9.54000020027
15.144 -13.339 -1.437 0.0392330029042 -0.291477461769 9.59900021553
15.152 -13.343 -1.591 -0.00531934606979 -0.263250263007 9.66100001335
15.15 -13.364 -1.775 -0.051993078072 -0.251064887024 9.72000002861
15.238 -13.215 -1.105 0.0252741419624 -0.0502779104286 9.78000020981
15.011 -13.019 2.854 -0.475738342148 0.14072004408 9.84000015259
14.966 -12.992 2.702 -0.524164286281 0.246505550065 9.89800000191
14.86 -12.727 2.277 -0.665542447221 0.780283905749 9.95500016212
14.815 -12.685 2.333 -0.71352648265 0.747418433169 10.0140001774
14.775 -12.626 2.308 -0.650319341947 0.716230556378 10.0830001831
14.804 -12.584 2.195 -0.497359870434 0.690514541105 10.1360001564
14.759 -12.544 2.361 -0.657904231892 0.65161129375 10.1940000057
14.715 -12.505 2.557 -0.765494913466 0.506568047254 10.2570002079
14.643 -12.445 2.575 -0.823527349289 0.523904864906 10.3180000782
14.585 -12.4 2.611 -0.844094506743 0.495241558021 10.3760001659
14.555 -12.337 2.592 -0.848118087778 0.519510397464 10.4270000458
14.555 -12.299 2.473 -0.753963043373 0.595605194843 10.4790000916
14.511 -12.232 2.497 -0.852273998477 0.640660276727 10.5430002213
14.471 -12.18 2.479 -0.909939719263 0.709996487955 10.5990002155
14.43 -12.13 2.436 -0.897289897733 0.764395960551 10.6579999924
14.438 -12.117 2.326 -0.702236358879 0.745977739178 10.7150001526
14.422 -12.017 2.213 -0.594772409761 0.795177147951 10.7730000019
14.402 -11.981 2.264 -0.594308267671 0.715399375026 10.8330001831
14.4 -11.971 2.146 -0.450438351939 0.694762016169 10.8900001049
14.385 -11.949 2.114 -0.419843447231 0.695343556083 10.9460000992
14.389 -11.924 2.031 -0.330311918479 0.666351173962 10.9970002174
14.37 -11.866 2.129 -0.402863037312 0.645148646106 11.0570001602
14.365 -11.848 2.112 -0.330220640093 0.549390754266 11.1260001659
14.447 -11.898 1.82 -0.141801739881 0.557191231868 11.1760001183
14.441 -11.879 1.821 -0.145897577836 0.570896127433 11.2350001335
14.423 -11.846 1.816 -0.155442368907 0.621175416601 11.2940001488
14.459 -11.83 1.663 -0.0609748471359 0.659430954348 11.3470001221
14.557 -11.931 -0.351 0.0418778917173 -0.0153340990709 11.4000000954
14.554 -11.963 -1.623 -0.0089967130811 -0.17218211592 11.4580001831
14.531 -12.019 -1.802 -0.0875112141536 -0.371734235998 11.5170001984
14.511 -12.095 -1.779 -0.113771647241 -0.538525191637 11.5640001297
14.5 -12.131 -1.748 -0.0971990107035 -0.542762382565 11.623000145
14.495 -12.168 -1.722 -0.089676788924 -0.58855932363 11.6780002117
14.508 -12.177 -1.732 -0.0937346081821 -0.576421414659 11.737000227
14.504 -12.194 -1.721 -0.0849585831495 -0.56136243121 11.7890000343
14.503 -12.214 -1.683 -0.0658883571328 -0.584754659169 11.8410000801
14.496 -12.217 -1.722 -0.0823083595569 -0.540199454186 11.8920001984
14.503 -12.259 -1.673 -0.0603631780536 -0.588558642831 11.9560000896
