19.795 -16.061 2.29 -0.36167734589 0.413034000424 0.0190000534058
19.782 -16.054 2.214 -0.342871954448 0.457446002555 0.0710000991821
19.778 -16.038 2.128 -0.316758023049 0.508390167932 0.128000020981
19.757 -16.025 2.249 -0.374837910886 0.46523568002 0.184000015259
19.778 -16.04 2.196 -0.299077881822 0.414353412958 0.241000175476
19.799 -16.035 2.122 -0.210721690805 0.342769227536 0.297000169754
19.779 -16.03 2.166 -0.258163354843 0.381267575093 0.357000112534
19.774 -16.033 2.197 -0.244060130708 0.337418280607 0.412000179291
19.776 -16.012 2.102 -0.251234648191 0.427607934853 0.47000002861
19.792 -16.005 2.002 -0.17896533542 0.388988547655 0.529000043869
19.799 -16.003 1.973 -0.154423145774 0.36301269826 0.589000225067
19.787 -16.004 1.857 -0.113114660454 0.384373679086 0.644000053406
19.781 -16.014 2.007 -0.197031964263 0.422678360902 0.705000162125
19.767 -15.994 2.004 -0.177140733585 0.38300346834 0.764000177383
19.754 -15.966 2.046 -0.257513970878 0.500484191465 0.819000005722
19.753 -15.986 2.135 -0.214219146447 0.338514578267 0.881000041962
19.84 -16.038 0.629 0.162241572807 0.118044410855 0.936000108719
19.841 -16.039 -0.985 0.0646540240561 -0.0974461713427 0.992000102997
19.884 -16.066 -1.541 0.0036483778649 -0.122407641849 1.04400014877
19.911 -16.109 -1.728 -0.0603070000799 -0.380457972719 1.09400010109
19.905 -16.161 -1.772 -0.0995155424543 -0.487908641987 1.15799999237
19.892 -16.219 -1.816 -0.140080173174 -0.559785343859 1.21800017357
19.897 -16.278 -1.706 -0.0846384035955 -0.622187556418 1.26900005341
19.89 -16.33 -1.676 -0.0794622188439 -0.752529281919 1.32700014114
19.882 -16.38 -1.712 -0.110967224565 -0.78063646682 1.375
19.902 -16.452 -1.616 -0.03853918621 -0.851986795256 1.43200016022
19.886 -16.501 -1.678 -0.0913990382819 -0.849305146271 1.49300003052
19.893 -16.555 -1.583 -0.0102165151685 -0.83712565972 1.55400013924
19.877 -16.533 -1.625 -0.0371781379009 -0.685225157413 1.60900020599
19.878 -16.52 -1.714 -0.0944908462931 -0.65531869589 1.66100001335
19.886 -16.53 -1.71 -0.0992426548248 -0.708320353078 1.71400022507
19.884 -16.53 -1.672 -0.0793989525538 -0.781865834464 1.75900006294
19.913 -16.429 -1.569 0.0011147387343 -0.620564998782 1.81300020218
19.905 -16.439 -1.629 -0.0379026496447 -0.650471651784 1.86100006104
19.895 -16.475 -1.619 -0.0327155964887 -0.678169341323 1.92000007629
19.892 -16.498 -1.639 -0.0450710597257 -0.659805397996 1.98000001907
19.889 -16.504 -1.667 -0.0629385360397 -0.652202203695 2.03600001335
19.884 -16.535 -1.636 -0.0403193186698 -0.61748305025 2.09500002861
19.871 -16.558 -1.662 -0.054001635147 -0.59045671784 2.14900016785
19.859 -16.556 -1.667 -0.0546731656836 -0.566552090112 2.20200014114
19.862 -16.58 -1.558 0.00751279994476 -0.587073931222 2.25800013542
20.003 -16.579 -1.34 0.152911186896 -0.650731582803 2.31600022316
20.068 -16.585 -1.479 0.0524743956943 -0.570032828919 2.37400007248
20.04 -16.573 -1.581 -0.00519960980498 -0.50956447221 2.42500019073
19.972 -16.557 -1.73 -0.0770102484849 -0.479627862065 2.47699999809
19.926 -16.563 -1.839 -0.132977674463 -0.483862779002 2.53600001335
19.892 -16.578 -1.888 -0.172662991555 -0.525948382042 2.58800005913
19.871 -16.601 -1.953 -0.234387897392 -0.583097691476 2.63700008392
19.899 -16.634 -1.943 -0.257550454537 -0.659708271411 2.69600009918
19.906 -16.647 -1.971 -0.280517438184 -0.663109558734 2.7570002079
19.906 -16.648 -2.022 -0.270793008737 -0.558865615908 2.81300020218
19.877 -16.66 -2.013 -0.248650864295 -0.52516109375 2.86600017548
19.876 -16.681 -2.017 -0.249560610099 -0.52167702853 2.91300010681
19.876 -16.69 -2.076 -0.264000152789 -0.477328535883 2.96700000763
19.862 -16.711 -2.122 -0.263620894616 -0.428817413456 3.02600002289
19.855 -16.704 -2.14 -0.279657394787 -0.437070099028 3.08000016212
19.846 -16.713 -2.171 -0.30711065894 -0.448706271682 3.12900018692
19.838 -16.72 -2.226 -0.321648848576 -0.418569430764 3.17900013924
19.911 -16.678 -2.075 -0.189756088031 -0.343902246947 3.23100018501
19.897 -16.69 -2.085 -0.221169880133 -0.391526868109 3.28000020981
19.878 -16.713 -2.092 -0.251452293835 -0.437947204496 3.33800005913
19.73 -16.662 -2.562 -0.409010514455 -0.267732722657 3.38800001144
19.714 -16.666 -2.567 -0.42953137964 -0.278107492745 3.44500017166
19.709 -16.675 -2.512 -0.393100863252 -0.286370448563 3.5
19.7 -16.677 -2.499 -0.366164362148 -0.274103869233 3.5600001812
19.681 -16.623 -3.08 -0.497482866918 -0.0306800962712 3.61200022697
19.69 -16.603 2.985 -0.540247863009 0.085297187021 3.67000007629
19.673 -16.588 2.861 -0.538151120509 0.155093050813 3.72300004959
19.662 -16.546 2.594 -0.526884923263 0.321293280412 3.77700018883
19.632 -16.506 2.552 -0.590434611237 0.394980588482 3.83000016212
19.594 -16.42 2.377 -0.578312261951 0.554735229238 3.89100003242
19.583 -16.407 2.398 -0.572048366081 0.526112430266 3.94400000572
19.571 -16.345 2.247 -0.491974516279 0.613127466992 4.0
19.567 -16.292 2.204 -0.466454554442 0.635468092166 4.0490000248
19.555 -16.254 2.152 -0.41493683743 0.631668531045 4.10700011253
19.57 -16.323 2.131 -0.318098447086 0.507145341852 4.15600013733
19.567 -16.325 2.132 -0.330183034594 0.525244255267 4.21200013161
19.562 -16.346 2.163 -0.338704590828 0.503461323492 4.26400017738
19.55 -16.329 2.113 -0.318169570824 0.528144444528 4.31200003624
19.524 -16.294 2.17 -0.325013872961 0.475884201612 4.37700009346
19.504 -16.261 2.159 -0.324627441615 0.486729090014 4.42800021172
19.56 -16.186 1.687 -0.0725918391779 0.621880528312 4.48400020599
19.573 -16.248 1.85 -0.123186360018 0.429681364253 4.54600000381
19.58 -16.252 1.793 -0.0819871802439 0.362880408681 4.6210000515
19.603 -16.25 1.591 -0.00658097962666 0.325687517758 4.68099999428
19.597 -16.238 1.66 -0.0373149413359 0.417201580584 4.74000000954
19.6 -16.201 1.574 -0.00159411943059 0.497589446479 4.79400014877
19.61 -16.206 1.589 -0.00914543899018 0.50233975741 4.85199999809
19.65 -16.178 1.378 0.103993539837 0.532696045767 4.91000008583
19.697 -16.181 1.338 0.138591692544 0.584540930366 4.96400022507
19.813 -16.25 1.328 0.147311002258 0.594757342161 5.02500009537
19.836 -16.214 1.34 0.135567149008 0.576921984852 5.09400010109
19.864 -16.198 1.374 0.110108552823 0.552263417478 5.14100003242
19.881 -16.173 1.375 0.111376811894 0.561552447108 5.1970000267
19.9 -16.177 1.178 0.212470554095 0.512808239371 5.24500012398
19.937 -16.152 1.271 0.177872260784 0.575427764457 5.30000019073
19.946 -16.119 1.261 0.1820462765 0.568711652999 5.35700011253
19.983 -16.099 1.156 0.270142137164 0.613477635626 5.41600012779
20.008 -16.116 1.121 0.258955365958 0.536357246661 5.47600007057
20.032 -16.11 1.08 0.302367043513 0.565794454231 5.52500009537
20.03 -16.108 1.181 0.254673358796 0.61991946055 5.58600020409
20.009 -16.107 1.177 0.265311075126 0.638535014714 5.64200019836
20.03 -16.07 1.156 0.295106191285 0.670169601783 5.70100021362
20.047 -16.029 1.167 0.283738384801 0.664064452561 5.75300002098
20.03 -16.079 1.042 0.292959415355 0.501384193564 5.80599999428
20.074 -16.096 0.843 0.447535378285 0.502308735971 5.85500001907
20.051 -16.088 0.919 0.380852594482 0.499123553341 5.91200017929
20.075 -16.058 0.896 0.39092498999 0.488600760095 5.97100019455
20.099 -16.03 0.894 0.381045147125 0.474304638725 6.02800011635
20.118 -16.001 0.797 0.389108842802 0.39824399161 6.08800005913
20.123 -16.01 0.994 0.292674900393 0.449854389557 6.14500021935
20.138 -16.045 0.946 0.260916562571 0.361793791192 6.20100021362
20.175 -16.028 0.914 0.301668217965 0.391276754518 6.25100016594
20.01 -16.089 1.607 -0.0144692570568 0.399488051261 6.31100010872
19.995 -16.101 1.642 -0.027780193532 0.389491556017 6.36400008202
19.976 -16.115 1.536 0.0118583522213 0.340655665631 6.42200016975
19.959 -16.133 1.655 -0.0299498435225 0.354842311019 6.48000001907
19.95 -16.119 1.755 -0.0700930988036 0.376205980681 6.53900003433
19.947 -16.126 1.927 -0.144269124516 0.387742232231 6.59500002861
19.926 -16.131 1.927 -0.142609223346 0.38328102969 6.65600013733
19.932 -16.136 1.957 -0.163811188147 0.402856633533 6.70700001717
19.897 -16.169 2.154 -0.204162435998 0.309450990549 6.76300001144
19.867 -16.196 2.257 -0.230431891871 0.281366655922 6.8180000782
19.83 -16.275 2.663 -0.289936461879 0.150425810847 6.87900018692
19.811 -16.418 -2.408 -0.440843658377 -0.397380156738 6.94100022316
19.808 -16.327 2.587 -0.2315339259 0.143421866858 7.00100016594
19.794 -16.29 2.256 -0.183281700758 0.224251468337 7.06300020218
19.796 -16.246 2.055 -0.151121128095 0.28732130837 7.12400007248
19.798 -16.223 2.043 -0.145970432889 0.285801118126 7.1740000248
19.783 -16.201 2.126 -0.157498687882 0.253912229254 7.22600007057
19.79 -16.199 2.219 -0.133605636983 0.176406463735 7.28299999237
19.767 -16.265 2.8 -0.215959244926 0.076779953992 7.34200000763
19.759 -16.306 2.975 -0.267883226637 0.0450448623309 7.39900016785
19.808 -16.067 2.11 -0.25741802709 0.430214799534 7.46600008011
19.655 -16.294 -2.666 -0.372734719479 -0.191966482988 7.52600002289
19.667 -16.552 -2.115 -0.404277498139 -0.668052569431 7.57800006866
19.656 -16.472 -2.439 -0.446938702948 -0.378436453096 7.63300013542
19.642 -16.396 -2.613 -0.386253183673 -0.225582706133 7.69600009918
19.649 -16.345 -2.997 -0.310389826928 -0.0451954965517 7.75200009346
19.635 -16.33 3.089 -0.329544715915 0.0173476284761 7.80800008774
19.662 -16.284 2.548 -0.335431644949 0.226339704816 7.875
19.683 -16.27 2.363 -0.297277707933 0.293258744269 7.92300009727
19.702 -16.238 2.135 -0.240862185555 0.380616590608 7.97300004959
19.723 -16.214 2.1 -0.242932955226 0.41537807365 8.02800011635
19.724 -16.188 2.049 -0.23100509636 0.445672051788 8.08900022507
19.735 -16.173 2.04 -0.228833242551 0.451379224317 8.14500021935
19.736 -16.171 2.01 -0.23546111238 0.501185753626 8.20399999619
19.729 -16.15 1.972 -0.20406075353 0.481033964079 8.25500011444
19.73 -16.144 2.051 -0.235806005802 0.452715879373 8.31300020218
19.772 -16.16 1.899 -0.125650309471 0.368996447868 8.37400007248
19.781 -16.165 1.836 -0.113564426058 0.418129262146 8.42900013924
19.79 -16.166 1.78 -0.101907406041 0.479993249388 8.48500013351
19.827 -16.182 1.583 -0.00585367605184 0.479641281382 8.54700016975
19.827 -16.173 1.559 0.00568920107685 0.482263443773 8.60500001907
19.825 -16.139 1.513 0.0297219104872 0.513679852202 8.66600012779
19.817 -16.135 1.644 -0.039104494704 0.533233064165 8.72500014305
19.825 -16.116 1.598 -0.0151998097178 0.558603241921 8.78100013733
19.812 -16.113 1.54 0.0169593814164 0.550520836033 8.83900022507
19.803 -16.132 1.642 -0.0360208899479 0.505030048073 8.89700007439
19.807 -16.129 1.662 -0.0435000598292 0.475631941194 8.95900011063
19.8 -16.122 1.673 -0.0503300593194 0.490732800389 9.0110001564
19.789 -16.101 1.71 -0.0719174467476 0.513293314882 9.06700015068
19.783 -16.098 1.656 -0.0360327083582 0.421877011103 9.13900017738
19.796 -16.102 1.673 -0.0358074977023 0.349133576634 9.19400000572
19.796 -16.129 1.65 -0.0219276422448 0.276272170851 9.24700021744
19.963 -16.127 0.71 0.217371539601 0.186837069289 9.30599999428
19.969 -16.125 0.898 0.177408059261 0.222646267351 9.3630001545
19.936 -16.147 0.992 0.0945458215475 0.144687275007 9.43099999428
19.97 -16.15 1.021 0.0360476894871 0.0588221574208 9.48200011253
19.964 -16.161 0.892 0.0300975630466 0.0373107580686 9.54000020027
20.085 -16.116 0.743 0.187805325126 0.172519071825 9.59900021553
20.108 -16.099 0.794 0.213252789566 0.216953444571 9.66100001335
20.101 -16.113 0.625 0.244622970183 0.176491666896 9.72000002861
20.086 -16.172 0.332 0.22251983732 0.0767161725326 9.78000020981
19.814 -16.551 -2.218 -0.444663386165 -0.588333641656 9.84000015259
19.767 -16.59 -2.251 -0.479927641322 -0.593236902674 9.89800000191
19.734 -16.587 -2.335 -0.496211025518 -0.517703648435 9.95500016212
19.709 -16.618 -2.352 -0.445919299262 -0.449675886516 10.0140001774
19.706 -16.627 -2.333 -0.37168462475 -0.389339354066 10.0830001831
19.718 -16.621 -2.401 -0.392601680126 -0.358907382933 10.1360001564
19.806 -16.609 -2.19 -0.194353568478 -0.272697520306 10.1940000057
19.799 -16.642 -2.357 -0.281580795008 -0.281127527837 10.2570002079
19.772 -16.653 -2.363 -0.361414436199 -0.356528393796 10.3180000782
19.756 -16.665 -2.421 -0.336564704914 -0.295543187825 10.3760001659
19.754 -16.659 -2.53 -0.365732020436 -0.256484995359 10.4270000458
19.771 -16.64 -2.538 -0.422054927988 -0.290974795351 10.4790000916
19.787 -16.657 -2.479 -0.378616475307 -0.295422171446 10.5430002213
19.787 -16.641 -2.563 -0.415772459635 -0.271565464332 10.5990002155
19.775 -16.631 -2.656 -0.424633323969 -0.224096049094 10.6579999924
19.756 -16.634 -2.648 -0.469730560328 -0.252720584629 10.7150001526
19.745 -16.632 -2.722 -0.461772760624 -0.205989464541 10.7730000019
19.696 -16.506 2.893 -0.466124717427 0.118322661682 10.8330001831
19.685 -16.461 2.576 -0.509252529446 0.323257191489 10.8900001049
19.666 -16.425 2.465 -0.508674694594 0.408486795871 10.9460000992
19.639 -16.392 2.478 -0.526306167456 0.411507046299 10.9970002174
19.632 -16.368 2.396 -0.473363313841 0.437102600494 11.0570001602
19.617 -16.343 2.392 -0.463252796065 0.431212322971 11.1260001659
19.645 -16.334 2.319 -0.453958653844 0.48904954653 11.1760001183
19.631 -16.333 2.365 -0.491943418152 0.483355194682 11.2350001335
19.622 -16.299 2.336 -0.498105536589 0.518641006328 11.2940001488
19.755 -16.366 2.387 -0.470972285016 0.442813733016 11.3470001221
19.775 -16.416 2.254 -0.281396609479 0.345707200096 11.4000000954
19.754 -16.399 2.28 -0.276313488814 0.321989290078 11.4580001831
19.739 -16.378 2.219 -0.291091007683 0.384342580522 11.5170001984
19.733 -16.356 2.203 -0.311971210731 0.425901978769 11.5640001297
19.719 -16.325 2.237 -0.351505674197 0.447155033611 11.623000145
19.704 -16.321 2.144 -0.302952232448 0.469331205345 11.6780002117
19.685 -16.311 2.139 -0.280856066235 0.439911859516 11.737000227
19.696 -16.289 2.086 -0.270804913886 0.478276010538 11.7890000343
19.703 -16.272 2.081 -0.267393892006 0.477808076656 11.8410000801
19.73 -16.244 2.097 -0.289890079599 0.499097370694 11.8920001984
19.715 -16.207 2.125 -0.290404815083 0.469224316737 11.9560000896
