2
1
17
17
23
26
28
29
31
37
37
40
1
0
5
6
40
0
3
5
18
0
0
7
11
12
14
18
19
20
30
0
37
0
11
13
16
17
18
20
23
26
28
29
34
0
1
3
5
6
9
10
26
0
40
0
2
12
13
15
17
19
24
27
0
35
37
40
0
39
0
5
9
17
18
26
34
0
2
5
13
14
23
24
28
0
20
22
23
0
7
0
5
0
7
0
2
1
0
5
6
2
1
31
36
37
40
1
0
5
6
8
11
12
13
0
39
40
0
3
0
20
23
29
31
36
0
9
10
19
22
23
30
34
38
39
40
0
17
17
18
39
0
4
18
21
23
27
28
34
37
38
39
0
8
9
0
18
39
0
13
14
15
19
21
27
31
34
0
7
11
14
16
18
21
22
24
25
26
0
14
14
0
1
3
12
16
19
21
22
25
0
0
2
3
9
10
12
17
0
0
1
2
0
9
14
0
15
0
2
1
0
11
12
13
0
3
13
14
15
3
2
1
0
1
2
3
0
7
8
0
3
16
3
28
28
28
3
2
1
1
2
3
1
0
3
25
26
3
28
28
3
2
1
7
9
11
12
13
14
15
17
23
25
26
1
5
1
0
1
2
3
9
0
8
15
16
0
2
0
4
0
4
9
0
6
13
0
5
11
0
1
2
16
0
10
13
14
0
4
6
0
3
4
0
3
16
17
27
3
3
3
24
25
26
28
3
2
1
19
20
20
1
10
20
21
1
0
9
10
11
12
14
0
18
0
17
0
10
0
11
16
0
0
1
2
3
0
10
0
1
0
1
0
3
10
14
16
17
19
20
28
3
12
13
14
15
3
2
3
4
5
7
8
2
6
7
2
1
10
10
11
12
17
18
17
19
1
0
1
11
0
1
7
8
0
4
5
0
10
12
13
18
0
3
17
18
17
22
3
19
19
20
21
22
23
27
28
3
2
1
7
8
1
1
1
4
6
1
3
4
6
1
0
1
2
23
0
7
8
9
10
11
14
20
21
0
8
0
8
0
9
16
0
7
0
6
6
6
0
2
1
1
1
3
4
5
1
0
9
11
14
18
19
24
33
35
37
40
0
2
1
17
19
21
23
24
26
27
29
30
31
32
33
34
36
39
1
0
2
26
27
28
32
37
39
40
0
1
3
5
6
13
17
24
27
40
0
17
18
19
30
37
0
6
7
11
37
0
2
4
8
9
11
12
13
14
16
36
0
17
18
23
30
35
36
0
9
10
20
22
40
0
17
39
0
20
30
37
0
3
8
31
0
28
32
0
20
0
6
11
0
22
0
4
8
13
0
12
15
0
9
10
0
2
1
1
10
11
13
14
17
23
29
30
31
34
36
40
1
0
21
24
25
26
33
39
0
22
24
28
29
35
36
37
38
40
0
4
5
18
0
12
29
32
34
36
37
0
12
14
16
17
23
24
27
36
0
5
0
30
31
36
39
40
0
21
31
39
0
6
0
1
2
4
20
22
25
34
0
26
35
0
10
11
13
16
0
14
16
23
0
7
17
19
20
0
1
0
15
16
0
6
0
4
5
0
2
1
17
18
19
22
23
25
26
30
31
32
33
36
1
1
0
9
10
19
23
29
0
4
36
40
0
22
0
19
23
37
0
1
21
22
23
25
36
0
5
10
18
33
36
39
40
0
7
9
16
22
27
32
33
39
0
7
9
10
18
36
38
39
0
4
9
11
22
24
25
38
0
31
37
0
7
10
20
24
0
4
8
27
0
2
3
20
21
26
0
14
15
24
0
5
6
7
0
8
9
0
12
13
0
2
1
1
1
26
27
28
29
30
31
37
1
0
27
29
30
31
28
0
14
15
16
26
0
4
5
6
8
24
26
27
29
30
31
34
36
37
0
16
37
0
2
3
12
21
36
0
16
40
0
9
21
40
0
1
2
4
23
29
39
0
1
16
24
0
10
35
0
34
0
3
24
0
7
10
11
12
17
21
0
10
11
0
2
1
19
20
40
1
0
21
0
1
3
5
7
8
9
11
14
26
27
0
2
5
8
9
10
11
22
24
25
0
12
13
14
15
17
18
0
4
5
8
9
10
11
36
0
2
3
4
5
6
7
8
12
16
0
17
18
36
0
13
15
16
17
18
21
0
13
35
40
0
17
39
0
11
14
16
18
19
20
21
23
0
32
0
4
5
16
20
24
25
26
30
0
20
0
7
0
2
0
1
0
2
1
10
28
31
32
1
0
2
9
13
16
17
21
23
26
31
35
0
13
18
19
22
23
24
25
27
28
30
33
37
0
37
0
7
8
10
11
12
13
15
16
17
18
0
10
11
0
9
10
40
0
1
6
7
10
11
19
21
22
39
0
14
17
18
20
21
31
35
0
21
35
0
5
6
8
9
15
34
0
6
15
34
0
9
20
29
0
12
16
24
26
0
3
17
0
5
8
0
1
2
0
3
0
1
0
1
0
2
1
10
10
11
12
22
23
26
1
0
4
5
6
17
32
33
0
40
0
20
21
22
24
27
28
29
33
34
0
1
2
35
36
0
5
6
8
32
33
34
36
0
10
11
16
32
33
35
38
0
9
10
9
12
16
40
41
42
0
14
15
21
41
0
21
22
25
26
27
40
0
8
18
21
22
24
25
0
2
3
4
8
0
12
20
21
25
27
30
32
0
19
20
0
19
23
0
4
13
14
18
23
0
14
21
0
16
0
15
0
5
4
3
2
1
56
1
0
32
0
6
7
0
18
0
23
24
25
26
0
3
4
5
6
0
5
4
3
2
2
1
16
17
18
19
1
19
20
21
22
23
24
1
0
47
0
5
4
3
2
28
29
30
31
32
2
14
15
5
4
3
2
1
3
2
4
21
2
1
0
5
4
3
2
1
0
3
0
0
4
0
11
12
0
0
5
4
3
12
13
14
3
4
3
2
1
8
0
5
4
3
7
8
9
10
12
13
15
16
18
3
11
3
6
3
18
3
6
12
16
3
2
1
12
1
0
3
10
11
0
4
7
0
6
0
5
4
3
17
18
3
3
18
3
2
1
0
2
3
0
9
0
1
0
4
0
5
4
4
3
19
3
2
5
8
8
2
11
12
13
14
15
2
1
1
0
7
11
0
11
0
5
4
3
19
3
6
6
6
11
18
3
16
18
3
18
3
2
3
5
15
2
3
2
1
0
1
2
7
13
0
3
0
1
0
9
0
2
0
5
4
3
14
15
16
18
3
6
7
16
3
2
1
0
13
0
12
0
7
0
2
0
1
0
7
0
7
0
5
4
3
19
3
3
6
6
7
18
3
18
3
4
8
9
3
4
8
3
2
3
9
2
1
0
10
0
4
0
1
0
4
0
5
4
3
6
7
8
9
10
3
4
5
6
3
12
13
18
3
4
6
7
3
2
1
8
14
1
0
2
3
0
2
5
6
0
2
9
0
9
0
3
0
